0 4 5.88 5.29 7 6.3 12
0 5 14.76 13.28 18 16.2 2
0 6 3.28 2.95 4 3.6 13
0 7 19.44 17.5 24 21.6 12
0 8 10.01 9.01 11 9.9 16
1 0 36 32.4 15 13.5 13
1 2 4.45 4 5 4.5 11
1 4 10.56 9.5 12 10.8 7
1 7 44.33 39.9 13 11.7 13
2 0 31.36 28.22 8 7.2 16
2 5 0.95 0.85 1 0.9 7
2 6 8.6 7.74 10 9 5
2 7 99.36 89.42 24 21.6 3
3 0 4.92 4.43 6 5.4 13
3 1 2.43 2.19 3 2.7 4
3 2 23.52 21.17 28 25.2 7
3 4 1.64 1.48 2 1.8 15
4 5 17.2 15.48 20 18 9
4 6 34.02 30.62 42 37.8 5
4 8 11.04 9.94 12 10.8 5
5 6 7.56 6.8 9 8.1 8
5 8 21.32 19.19 13 11.7 3
6 7 38.88 34.99 16 14.4 9
6 8 118.8 106.92 60 54 3
6 9 10.1 9.09 5 4.5 14
7 8 47.08 42.37 22 19.8 7
7 9 206.91 186.22 99 89.1 8
8 9 17.8 16.02 20 18 5
