0 7 7.47 6.72 9 8.1 4
0 8 7.56 6.8 4 3.6 6
0 9 10.92 9.83 13 11.7 1
0 10 26.88 24.19 12 10.8 3
1 0 8.91 8.02 11 9.9 9
1 2 12.45 11.21 15 13.5 1
1 3 15.84 14.26 18 16.2 5
1 4 6.96 6.26 8 7.2 4
1 21 1.68 1.51 2 1.8 6
2 3 6.96 6.26 8 7.2 1
2 7 17.1 15.39 18 16.2 6
2 8 4.8 4.32 6 5.4 5
2 20 1.7 1.53 2 1.8 1
3 0 5.88 5.29 7 6.3 7
3 5 9.4 8.46 10 9 5
3 10 13.77 12.39 17 15.3 4
4 0 22.32 20.09 9 8.1 9
4 5 13.2 11.88 15 13.5 4
4 13 1.76 1.58 2 1.8 3
5 10 2.73 2.46 3 2.7 5
5 14 1.68 1.51 2 1.8 2
6 1 4.92 4.43 6 5.4 8
6 3 10.45 9.4 11 9.9 5
6 4 4.25 3.83 5 4.5 3
6 12 1.66 1.49 2 1.8 1
7 8 12.6 11.34 14 12.6 9
7 11 4.2 3.78 5 4.5 2
7 19 1.76 1.58 2 1.8 8
8 9 16.72 15.05 19 17.1 3
8 18 1.62 1.46 2 1.8 7
9 11 4.06 3.65 2 1.8 7
9 17 7.12 6.41 2 1.8 8
10 11 12.95 11.65 7 6.3 6
10 15 1.8 1.62 2 1.8 2
11 16 1.76 1.58 2 1.8 9
12 13 4.4 3.96 5 4.5 7
12 21 11.16 10.04 6 5.4 2
13 14 13.35 12.02 15 13.5 9
14 15 2.67 2.4 3 2.7 3
15 16 6.44 5.8 7 6.3 6
16 17 4.42 3.98 2 1.8 8
17 18 17.48 15.73 19 17.1 3
18 19 5.64 5.08 6 5.4 2
19 20 5.04 4.54 6 5.4 8
20 21 13.8 12.42 15 13.5 7
