0 1 5.4 4.86 3 2.7 2
0 2 10 9 5 4.5 7
0 3 20.4 18.36 6 5.4 1
0 4 12.78 11.5 6 5.4 3
0 5 3.36 3.02 4 3.6 1
0 6 8.36 7.52 4 3.6 1
0 7 10.55 9.5 5 4.5 5
0 8 7.52 6.77 8 7.2 8
1 2 4.98 4.48 6 5.4 4
1 3 2.39 2.15 1 0.9 4
1 4 2.49 2.24 3 2.7 3
1 5 11.48 10.33 7 6.3 5
1 6 3.24 2.92 4 3.6 6
1 7 11.85 10.66 5 4.5 1
1 8 8.2 7.38 4 3.6 2
2 3 4.7 4.23 5 4.5 8
2 4 5.88 5.29 7 6.3 6
2 5 6.16 5.54 7 6.3 6
2 6 14.77 13.29 7 6.3 4
2 7 6.58 5.92 7 6.3 2
2 8 2.82 2.54 3 2.7 7
3 4 4.4 3.96 5 4.5 2
3 5 2.61 2.35 3 2.7 3
3 6 0.87 0.78 1 0.9 5
3 7 0.94 0.85 1 0.9 7
3 8 2.82 2.54 3 2.7 5
4 5 24.78 22.3 7 6.3 1
4 6 3.28 2.95 4 3.6 1
4 7 6.37 5.73 7 6.3 7
4 8 12.8 11.52 8 7.2 8
5 6 5.52 4.97 6 5.4 8
5 7 2.04 1.84 1 0.9 4
5 8 0.85 0.77 1 0.9 6
6 7 0.95 0.85 1 0.9 5
6 8 1.82 1.64 2 1.8 2
7 8 0.88 0.79 1 0.9 3
