0 7 8.46 7.61 9 8.1 1
0 8 8.16 7.34 4 3.6 2
0 9 11.83 10.65 13 11.7 1
0 10 9.84 8.86 12 10.8 2
1 0 10.45 9.4 11 9.9 1
1 2 13.8 12.42 15 13.5 1
1 3 15.48 13.93 18 16.2 2
1 4 6.64 5.98 8 7.2 2
2 3 16.08 14.47 8 7.2 2
2 7 15.48 13.93 18 16.2 2
2 8 5.16 4.64 6 5.4 1
3 0 13.3 11.97 7 6.3 1
3 5 8.8 7.92 10 9 2
3 10 13.77 12.39 17 15.3 1
4 0 7.83 7.05 9 8.1 2
4 5 61.95 55.76 15 13.5 1
5 10 6.69 6.02 3 2.7 2
6 1 4.98 4.48 6 5.4 1
6 3 10.45 9.4 11 9.9 2
6 4 4.75 4.28 5 4.5 1
7 8 12.32 11.09 14 12.6 2
7 11 9.15 8.24 5 4.5 1
8 9 18.05 16.25 19 17.1 1
9 11 1.68 1.51 2 1.8 2
10 11 6.02 5.42 7 6.3 1
