0 1 7.92 7.13 4 3.6 8
0 2 4.74 4.27 1 0.9 1
0 3 2.49 2.24 3 2.7 3
0 4 5.4 4.86 6 5.4 2
0 5 5.1 4.59 6 5.4 7
0 6 1.78 1.6 2 1.8 2
0 7 0.94 0.85 1 0.9 3
1 2 2.58 2.32 3 2.7 8
1 3 5.22 4.7 6 5.4 1
1 4 3.6 3.24 4 3.6 1
1 5 1.88 1.69 2 1.8 1
1 6 5.28 4.75 6 5.4 2
1 7 14.12 12.71 4 3.6 5
2 3 6.23 5.61 7 6.3 7
2 4 2.73 2.46 3 2.7 3
2 5 3.52 3.17 4 3.6 6
2 6 12.8 11.52 8 7.2 8
2 7 3.98 3.58 2 1.8 1
3 4 5.1 4.59 6 5.4 1
3 5 1.64 1.48 2 1.8 2
3 6 3.64 3.28 4 3.6 1
3 7 0.93 0.84 1 0.9 4
4 5 21.06 18.95 6 5.4 7
4 6 3.32 2.99 2 1.8 3
4 7 7.2 6.48 8 7.2 8
5 6 14.56 13.1 8 7.2 6
5 7 4.95 4.46 3 2.7 8
6 7 5.81 5.23 7 6.3 7
