0 1 4.15 3.74 5 4.5 7
0 2 21.49 19.34 7 6.3 12
0 3 17.7 15.93 10 9 15
0 4 17.86 16.07 19 17.1 1
1 2 14.88 13.39 16 14.4 13
1 5 6.4 5.76 8 7.2 8
1 6 8.37 7.53 9 8.1 16
1 7 12.32 11.09 14 12.6 7
2 5 10.23 9.21 11 9.9 3
3 4 10.01 9.01 11 9.9 15
3 9 56.16 50.54 26 23.4 8
3 10 25.5 22.95 30 27 16
4 9 4.83 4.35 3 2.7 11
5 9 10.92 9.83 13 11.7 14
5 11 36.72 33.05 17 15.3 4
6 8 26.4 23.76 30 27 3
7 8 17.1 15.39 18 16.2 1
7 11 18.06 16.25 21 18.9 5
8 12 15.36 13.82 8 7.2 9
9 10 12.6 11.34 15 13.5 14
10 11 16.91 15.22 19 17.1 15
10 12 10.68 9.61 12 10.8 1
11 12 29.4 26.46 14 12.6 14
