0 1 11.83 10.65 13 11.7 1
0 3 15.98 14.38 17 15.3 1
0 6 16.72 15.05 19 17.1 1
0 9 42.56 38.3 19 17.1 1
0 11 9.76 8.78 4 3.6 1
1 2 14.94 13.45 18 16.2 1
1 3 7.92 7.13 9 8.1 1
1 8 1.68 1.51 2 1.8 1
2 3 33.2 29.88 20 18 1
2 4 4.05 3.65 5 4.5 1
4 5 6.44 5.8 7 6.3 1
4 10 16.8 15.12 20 18 1
4 11 26.18 23.56 11 9.9 1
5 6 6.88 6.19 4 3.6 1
5 11 2.52 2.27 3 2.7 1
6 7 6.56 5.9 8 7.2 1
6 11 41.58 37.42 18 16.2 1
7 9 6.81 6.13 3 2.7 1
7 10 8.2 7.38 10 9 1
8 9 40 36 16 14.4 1
8 10 34.72 31.25 14 12.6 1
9 10 10.32 9.29 12 10.8 1
