0 1 0.81 0.73 1 0.9 2
0 2 2.05 1.84 1 0.9 3
0 3 4.3 3.87 1 0.9 4
0 4 0.89 0.8 1 0.9 5
0 5 0.83 0.75 1 0.9 6
0 6 0.83 0.75 1 0.9 7
0 7 0.85 0.77 1 0.9 8
1 2 1.72 1.55 2 1.8 3
1 3 1.6 1.44 2 1.8 4
1 4 6.08 5.47 2 1.8 5
1 5 1.9 1.71 2 1.8 6
1 6 1.68 1.51 2 1.8 7
1 7 1.76 1.58 2 1.8 8
2 3 2.79 2.51 3 2.7 4
2 4 6.24 5.62 3 2.7 5
2 5 7.41 6.67 3 2.7 6
2 6 2.82 2.54 3 2.7 7
2 7 11.19 10.07 3 2.7 8
3 4 3.48 3.13 4 3.6 5
3 5 3.24 2.92 4 3.6 6
3 6 6.4 5.76 4 3.6 7
3 7 3.24 2.92 4 3.6 8
4 5 4.4 3.96 5 4.5 6
4 6 4.4 3.96 5 4.5 7
4 7 4.45 4 5 4.5 8
5 6 5.1 4.59 6 5.4 7
5 7 5.28 4.75 6 5.4 8
6 7 5.88 5.29 7 6.3 8
