0 1 0.9 0.81 1 0.9 7
0 2 6.23 5.61 7 6.3 1
0 3 0.94 0.85 1 0.9 4
0 4 2.7 2.43 3 2.7 9
0 5 2.7 2.43 3 2.7 7
0 6 6.84 6.16 2 1.8 8
0 7 0.87 0.78 1 0.9 4
0 8 1.72 1.55 2 1.8 1
0 9 4.6 4.14 2 1.8 5
0 10 0.82 0.74 1 0.9 8
1 2 4.25 3.83 5 4.5 7
1 3 3.52 3.17 1 0.9 6
1 4 6.8 6.12 8 7.2 6
1 5 0.85 0.77 1 0.9 5
1 6 12.12 10.91 3 2.7 4
1 7 5.88 5.29 7 6.3 9
1 8 6.64 5.98 8 7.2 9
1 9 5.81 5.23 7 6.3 7
1 10 4.94 4.45 2 1.8 8
2 3 6.51 5.86 7 6.3 6
2 4 1.85 1.67 1 0.9 2
2 5 3.56 3.2 4 3.6 1
2 6 3.67 3.3 1 0.9 4
2 7 23.55 21.2 5 4.5 5
2 8 3.36 3.02 4 3.6 7
2 9 1.72 1.55 2 1.8 6
2 10 4.32 3.89 2 1.8 1
3 4 1.82 1.64 2 1.8 1
3 5 0.83 0.75 1 0.9 1
3 6 4.05 3.65 5 4.5 6
3 7 6.09 5.48 7 6.3 5
3 8 5.34 4.81 6 5.4 1
3 9 1.9 1.71 2 1.8 8
3 10 3.48 3.13 4 3.6 9
4 5 6.8 6.12 8 7.2 4
4 6 4.05 3.65 5 4.5 1
4 7 9.48 8.53 4 3.6 3
4 8 6.88 6.19 8 7.2 5
4 9 11.64 10.48 6 5.4 3
4 10 5.95 5.36 7 6.3 1
5 6 24.85 22.37 5 4.5 7
5 7 2.85 2.56 3 2.7 8
5 8 5.34 4.81 6 5.4 3
5 9 5.22 4.7 6 5.4 2
5 10 3.28 2.95 4 3.6 2
6 7 1.8 1.62 2 1.8 2
6 8 1.79 1.61 1 0.9 8
6 9 5.1 4.59 6 5.4 1
6 10 8.96 8.06 4 3.6 3
7 8 3.32 2.99 4 3.6 8
7 9 4.05 3.65 5 4.5 8
7 10 14.52 13.07 6 5.4 4
8 9 3.6 3.24 4 3.6 5
8 10 5.95 5.36 7 6.3 6
9 10 3.36 3.02 4 3.6 4
