0 1 10.92 9.83 13 11.7 1
0 3 14.96 13.46 17 15.3 1
0 6 35.72 32.15 19 17.1 1
0 8 9.68 8.71 11 9.9 1
0 9 39.52 35.57 19 17.1 1
0 11 6.24 5.62 4 3.6 1
1 2 16.92 15.23 18 16.2 1
1 3 8.01 7.21 9 8.1 1
1 8 1.64 1.48 2 1.8 1
2 3 17.6 15.84 20 18 1
2 4 4.35 3.91 5 4.5 1
3 11 4.6 4.14 5 4.5 1
4 5 6.51 5.86 7 6.3 1
4 10 17 15.3 20 18 1
4 11 23.98 21.58 11 9.9 1
5 6 3.32 2.99 4 3.6 1
5 7 11.76 10.58 14 12.6 1
5 11 13.35 12.02 3 2.7 1
6 7 6.48 5.83 8 7.2 1
6 9 8.55 7.7 9 8.1 1
6 11 14.4 12.96 18 16.2 1
7 9 2.82 2.54 3 2.7 1
7 10 9 8.1 10 9 1
8 9 14.88 13.39 16 14.4 1
8 10 30.24 27.22 14 12.6 1
9 10 10.92 9.83 12 10.8 1
