0 1 0.84 0.76 1 0.9 6
0 2 5.95 5.36 7 6.3 3
0 4 6.72 6.05 8 7.2 2
0 5 5.4 4.86 6 5.4 4
0 6 2.49 2.24 3 2.7 3
0 7 1.78 1.6 2 1.8 5
0 8 3.48 3.13 4 3.6 6
0 9 1.8 1.62 2 1.8 4
0 10 0.92 0.83 1 0.9 8
1 2 0.9 0.81 1 0.9 7
1 3 1.88 1.69 2 1.8 8
1 4 3.28 2.95 4 3.6 5
1 5 9.84 8.86 4 3.6 3
1 7 0.82 0.74 1 0.9 7
1 8 5.34 4.81 6 5.4 1
2 4 5.1 4.59 6 5.4 9
2 5 19.08 17.17 9 8.1 2
2 9 2.58 2.32 3 2.7 1
2 10 5.4 4.86 6 5.4 7
3 6 7.28 6.55 8 7.2 1
3 7 17.01 15.31 9 8.1 9
3 8 14.32 12.89 8 7.2 6
4 6 3.64 3.28 4 3.6 4
5 6 14.88 13.39 8 7.2 6
5 8 9.36 8.42 4 3.6 4
5 9 10.57 9.51 7 6.3 7
5 10 2.4 2.16 3 2.7 1
6 7 4.92 4.43 3 2.7 5
6 8 4.8 4.32 6 5.4 1
6 9 2.46 2.21 3 2.7 7
6 10 1.74 1.57 2 1.8 1
7 9 0.86 0.77 1 0.9 2
8 9 6.44 5.8 7 6.3 9
