0 1 5.7 5.13 6 5.4 5
0 2 2.48 2.23 1 0.9 4
0 3 3.34 3.01 2 1.8 4
0 4 0.82 0.74 1 0.9 1
0 5 4.92 4.43 1 0.9 6
0 6 1.94 1.75 1 0.9 3
0 7 2.22 2 1 0.9 6
0 8 1.86 1.67 2 1.8 1
0 9 2.7 2.43 3 2.7 9
0 10 2.82 2.54 3 2.7 5
1 2 4.65 4.19 5 4.5 3
1 3 1.54 1.39 1 0.9 7
1 4 14.08 12.67 8 7.2 9
1 6 0.93 0.84 1 0.9 1
1 7 1.64 1.48 1 0.9 2
1 8 7.28 6.55 8 7.2 4
1 10 11.8 10.62 5 4.5 1
2 3 5.7 5.13 6 5.4 1
2 4 4.95 4.46 3 2.7 3
2 6 0.85 0.77 1 0.9 4
2 8 7.47 6.72 9 8.1 8
2 9 0.94 0.85 1 0.9 6
2 10 7.2 6.48 8 7.2 9
3 4 5.74 5.17 7 6.3 7
3 5 5.04 4.54 6 5.4 9
3 6 6.37 5.73 7 6.3 7
3 7 11.48 10.33 7 6.3 5
3 8 1.98 1.78 1 0.9 4
3 9 7.44 6.7 8 7.2 2
3 10 6.48 5.83 3 2.7 8
4 6 5.16 4.64 6 5.4 8
4 7 0.9 0.81 1 0.9 2
4 9 5.1 4.59 6 5.4 7
4 10 40 36 8 7.2 8
5 6 19.95 17.95 5 4.5 3
5 7 7.2 6.48 8 7.2 6
5 8 4.45 4 5 4.5 1
5 9 11.94 10.75 6 5.4 1
6 8 5.28 4.75 6 5.4 4
6 9 1.76 1.58 2 1.8 2
6 10 0.82 0.74 1 0.9 5
7 8 7.74 6.97 9 8.1 3
8 9 6.3 5.67 7 6.3 8
8 10 3.32 2.99 4 3.6 3
