0 1 13 11.7 12.22 11 1
0 3 17 15.3 14.62 13.16 1
0 6 19 17.1 29.07 26.16 1
0 8 11 9.9 9.13 8.22 1
0 9 19 17.1 17.1 15.39 1
0 11 4 3.6 3.72 3.35 1
1 3 9 8.1 16.38 14.74 1
1 8 2 1.8 3.08 2.77 1
2 3 20 18 39 35.1 1
2 4 5 4.5 4.75 4.28 1
2 11 6 5.4 4.98 4.48 1
4 5 7 6.3 6.51 5.86 1
4 10 20 18 17.8 16.02 1
4 11 11 9.9 9.24 8.32 1
5 6 4 3.6 3.36 3.02 1
5 11 3 2.7 2.76 2.48 1
6 7 8 7.2 6.48 5.83 1
7 9 3 2.7 2.58 2.32 1
7 10 10 9 21 18.9 1
8 9 16 14.4 14.4 12.96 1
8 10 14 12.6 23.1 20.79 1
9 10 12 10.8 10.2 9.18 1
