0 1 43.94 39.55 13 11.7 1
0 3 15.81 14.23 17 15.3 1
0 6 30.97 27.87 19 17.1 1
0 9 16.91 15.22 19 17.1 1
0 11 3.48 3.13 4 3.6 1
1 2 33.48 30.13 18 16.2 1
1 3 7.38 6.64 9 8.1 1
1 8 1.86 1.67 2 1.8 1
2 3 16.4 14.76 20 18 1
2 4 4.4 3.96 5 4.5 1
2 12 20.9 18.81 22 19.8 1
3 12 5.52 4.97 6 5.4 1
4 5 6.37 5.73 7 6.3 1
4 10 47.6 42.84 20 18 1
4 11 18.59 16.73 11 9.9 1
4 12 14.45 13 17 15.3 1
5 6 3.2 2.88 4 3.6 1
5 11 6.99 6.29 3 2.7 1
6 7 7.36 6.62 8 7.2 1
6 11 16.74 15.07 18 16.2 1
7 9 2.82 2.54 3 2.7 1
7 10 22.3 20.07 10 9 1
8 9 13.92 12.53 16 14.4 1
8 10 11.62 10.46 14 12.6 1
9 10 11.28 10.15 12 10.8 1
11 12 16.91 15.22 19 17.1 1
