0 1 10.4 9.36 13 11.7 1
0 3 13.77 12.39 17 15.3 1
0 6 30.4 27.36 19 17.1 1
0 9 31.54 28.39 19 17.1 1
0 11 7.32 6.59 4 3.6 1
1 2 14.76 13.28 18 16.2 1
1 3 33.39 30.05 9 8.1 1
1 8 4.6 4.14 2 1.8 1
2 3 17.4 15.66 20 18 1
2 4 4 3.6 5 4.5 1
2 10 50.16 45.14 22 19.8 1
3 10 19.26 17.33 6 5.4 1
4 5 6.51 5.86 7 6.3 1
4 10 27.54 24.79 17 15.3 1
4 11 10.01 9.01 11 9.9 1
5 6 3.24 2.92 4 3.6 1
5 11 2.73 2.46 3 2.7 1
6 7 7.52 6.77 8 7.2 1
6 11 27.9 25.11 18 16.2 1
7 9 7.17 6.45 3 2.7 1
8 9 14.4 12.96 16 14.4 1
11 10 43.7 39.33 19 17.1 1
