0 1 11.96 10.76 13 11.7 1
0 3 13.94 12.55 17 15.3 1
0 6 15.39 13.85 19 17.1 1
0 9 40.85 36.77 19 17.1 1
0 10 15.3 13.77 17 15.3 1
0 11 3.68 3.31 4 3.6 1
1 2 16.2 14.58 18 16.2 1
1 3 28.71 25.84 9 8.1 1
1 8 1.7 1.53 2 1.8 1
2 3 17.8 16.02 20 18 1
2 4 4.55 4.09 5 4.5 1
4 10 19 17.1 20 18 1
4 11 10.23 9.21 11 9.9 1
5 6 8.44 7.6 4 3.6 1
5 10 6.9 6.21 3 2.7 1
6 7 6.72 6.05 8 7.2 1
6 11 17.1 15.39 18 16.2 1
7 9 2.79 2.51 3 2.7 1
7 10 8.2 7.38 10 9 1
8 9 33.6 30.24 16 14.4 1
8 10 11.34 10.21 14 12.6 1
9 10 9.72 8.75 12 10.8 1
