0 2 6.02 5.42 7 6.3 8
0 14 12.32 11.09 8 7.2 5
0 16 4.2 3.78 5 4.5 8
0 18 0.82 0.74 1 0.9 7
0 23 11.64 10.48 6 5.4 1
0 26 5.81 5.23 7 6.3 4
1 0 2.64 2.38 3 2.7 2
1 11 2.33 2.1 1 0.9 9
2 3 5.88 5.29 7 6.3 4
2 5 6.64 5.98 4 3.6 3
2 7 13.02 11.72 6 5.4 8
3 4 1.78 1.6 2 1.8 9
3 5 5.67 5.1 7 6.3 9
3 9 0.92 0.83 1 0.9 4
4 5 9.54 8.59 2 1.8 9
4 8 6.3 5.67 3 2.7 3
5 6 2.73 2.46 3 2.7 1
5 7 4.86 4.37 6 5.4 4
5 8 5.58 5.02 6 5.4 9
5 9 1.78 1.6 2 1.8 8
6 10 10.02 9.02 6 5.4 7
7 8 13.8 12.42 6 5.4 5
9 10 4.6 4.14 5 4.5 5
11 12 3.6 3.24 4 3.6 2
12 13 3.76 3.38 4 3.6 1
12 14 3.4 3.06 4 3.6 7
13 15 21.06 18.95 9 8.1 3
13 17 1.74 1.57 2 1.8 9
13 19 10.45 9.4 5 4.5 5
13 20 16.75 15.08 5 4.5 5
14 16 2.49 2.24 3 2.7 7
14 19 6.48 5.83 8 7.2 2
15 16 17.73 15.96 9 8.1 1
17 20 1.74 1.57 2 1.8 9
17 24 2.67 2.4 3 2.7 7
19 20 4.01 3.61 1 0.9 8
20 21 7.12 6.41 8 7.2 2
20 22 6.37 5.73 7 6.3 6
20 24 19.76 17.78 8 7.2 4
21 22 0.91 0.82 1 0.9 6
21 24 4.92 4.43 3 2.7 4
22 23 4.75 4.28 5 4.5 9
22 25 6.18 5.56 3 2.7 2
23 26 9.95 8.96 5 4.5 9
24 25 3.44 3.1 4 3.6 1
25 26 2.67 2.4 3 2.7 8
