0 2 14.28 12.85 7 6.3 8
0 14 6.56 5.9 8 7.2 5
0 16 4.05 3.65 5 4.5 8
0 18 0.88 0.79 1 0.9 7
0 23 5.46 4.91 6 5.4 1
0 26 6.37 5.73 7 6.3 4
1 0 2.52 2.27 3 2.7 2
1 11 0.93 0.84 1 0.9 9
2 3 6.44 5.8 7 6.3 4
2 5 12.6 11.34 4 3.6 3
2 7 12.66 11.39 6 5.4 8
3 4 1.8 1.62 2 1.8 9
3 5 6.58 5.92 7 6.3 9
3 9 0.82 0.74 1 0.9 4
3 11 1.54 1.39 1 0.9 2
3 18 2.67 2.4 3 2.7 1
4 5 1.88 1.69 2 1.8 9
4 8 2.73 2.46 3 2.7 3
5 6 2.58 2.32 3 2.7 1
5 7 5.46 4.91 6 5.4 4
5 8 5.52 4.97 6 5.4 9
5 9 4.54 4.09 2 1.8 8
6 10 13.5 12.15 6 5.4 7
7 8 5.46 4.91 6 5.4 5
7 23 1.62 1.46 2 1.8 3
7 26 0.9 0.81 1 0.9 2
9 10 11.95 10.75 5 4.5 5
11 12 3.32 2.99 4 3.6 2
11 18 1.68 1.51 2 1.8 1
12 13 3.2 2.88 4 3.6 1
12 14 3.36 3.02 4 3.6 7
13 15 39.69 35.72 9 8.1 3
13 17 3.38 3.04 2 1.8 9
13 19 4.2 3.78 5 4.5 5
13 20 8.8 7.92 5 4.5 5
14 16 2.73 2.46 3 2.7 7
14 19 7.04 6.34 8 7.2 2
15 16 20.07 18.06 9 8.1 1
17 20 1.82 1.64 2 1.8 9
17 24 2.61 2.35 3 2.7 7
19 20 0.91 0.82 1 0.9 8
20 21 6.96 6.26 8 7.2 2
20 22 6.02 5.42 7 6.3 6
20 24 25.44 22.9 8 7.2 4
21 22 2.43 2.19 1 0.9 6
21 24 7.5 6.75 3 2.7 4
22 23 4.3 3.87 5 4.5 9
22 25 7.17 6.45 3 2.7 2
23 26 4 3.6 5 4.5 9
24 25 3.64 3.28 4 3.6 1
25 26 2.67 2.4 3 2.7 8
