4 5 128.44 64.22 26 13 26
5 7 9.4 4.7 10 5 10
7 8 34.41 17.2 37 18.5 37
7 10 39.84 19.92 48 24 48
10 11 23 11.5 25 12.5 25
11 12 11.28 5.64 12 6 12
12 13 15.12 7.56 18 9 18
9 14 10.53 5.26 13 6.5 13
14 15 39.28 19.64 8 4 8
14 16 11.96 5.98 13 6.5 13
12 16 4.92 2.46 6 3 6
12 15 11.4 5.7 12 6 12
16 17 6.64 3.32 8 4 8
9 18 66.64 33.32 28 14 28
11 19 30.6 15.3 34 17 34
19 20 49.3 24.65 58 29 58
19 21 9.5 4.75 10 5 10
19 23 30.03 15.02 33 16.5 33
22 23 52.08 26.04 56 28 56
23 24 8.5 4.25 10 5 10
24 25 40.8 20.4 48 24 48
24 26 16.91 8.46 19 9.5 19
26 27 4.8 2.4 6 3 6
27 28 9.85 4.92 5 2.5 5
27 29 4.3 2.15 5 2.5 5
29 30 36.49 18.25 41 20.5 41
29 31 23.52 11.76 28 14 28
28 32 46.8 23.4 52 26 52
10 32 49.2 24.6 24 12 24
33 138 44.1 22.05 49 24.5 49
33 34 50.74 25.37 59 29.5 59
34 35 3.36 1.68 4 2 4
34 36 15.81 7.91 17 8.5 17
35 36 33.6 16.8 20 10 20
35 37 22.5 11.25 25 12.5 25
37 38 5.64 2.82 6 3 6
38 39 16.2 8.1 18 9 18
39 40 10.56 5.28 12 6 12
37 40 9.3 4.65 10 5 10
40 46 84.15 42.08 99 49.5 99
36 41 15.64 7.82 17 8.5 17
41 42 19 9.5 5 2.5 5
36 42 13.44 6.72 16 8 16
42 43 26.04 13.02 31 15.5 31
43 44 11.76 5.88 14 7 14
33 44 3.76 1.88 4 2 4
41 46 6.24 3.12 4 2 4
45 46 6.02 3.01 7 3.5 7
42 45 9.9 4.95 5 2.5 5
32 138 11.83 5.92 13 6.5 13
47 48 23.5 11.75 10 5 10
47 49 7.04 3.52 8 4 8
49 50 27.3 13.65 30 15 30
50 51 27.84 13.92 12 6 12
51 52 10.56 5.28 12 6 12
52 139 21.84 10.92 24 12 24
48 139 52.56 26.28 24 12 24
53 54 8.6 4.3 10 5 10
54 55 3.52 1.76 4 2 4
55 56 111.72 55.86 49 24.5 49
56 57 16.4 8.2 20 10 20
57 58 96 48 40 20 40
58 59 16.74 8.37 18 9 18
44 59 57.45 28.73 15 7.5 15
59 60 31.85 15.93 35 17.5 35
58 60 58.59 29.3 31 15.5 31
48 60 31.07 15.54 13 6.5 13
56 61 25.76 12.88 14 7 14
61 62 5.95 2.98 7 3.5 7
62 63 7.83 3.92 9 4.5 9
63 64 13.95 6.97 15 7.5 15
61 65 33.67 16.84 37 18.5 37
65 66 61.05 30.52 33 16.5 33
66 67 7.74 3.87 9 4.5 9
66 68 3.4 1.7 4 2 4
68 69 7.04 3.52 8 4 8
69 70 8.37 4.18 9 4.5 9
68 70 9.72 4.86 6 3 6
70 71 7.74 3.87 9 4.5 9
71 72 14.76 7.38 18 9 18
71 73 14.1 7.05 15 7.5 15
72 73 4.6 2.3 5 2.5 5
43 72 31.68 15.84 36 18 36
70 74 32.04 16.02 36 18 36
74 75 39.48 19.74 47 23.5 47
73 75 22.14 11.07 27 13.5 27
75 76 9.4 4.7 10 5 10
45 76 27.04 13.52 16 8 16
76 77 12.6 6.3 15 7.5 15
77 78 9.6 4.8 12 6 12
78 79 10.68 5.34 12 6 12
78 80 8.46 4.23 9 4.5 9
79 80 21 10.5 10 5 10
79 81 31.2 15.6 16 8 16
81 82 8.8 4.4 10 5 10
80 82 15.81 7.91 17 8.5 17
81 83 12.09 6.04 13 6.5 13
82 83 15.66 7.83 18 9 18
83 84 24.6 12.3 10 5 10
84 85 32.8 16.4 20 10 20
85 86 3.36 1.68 4 2 4
88 91 8.3 4.15 10 5 10
81 91 22.36 11.18 26 13 26
83 91 25.52 12.76 29 14.5 29
63 92 22.68 11.34 28 14 28
62 92 22.5 11.25 25 12.5 25
94 95 6.8 3.4 8 4 8
95 96 13.6 6.8 17 8.5 17
96 97 2.4 1.2 3 1.5 3
95 98 9.4 4.7 10 5 10
96 98 34.78 17.39 37 18.5 37
98 99 78.54 39.27 33 16.5 33
101 103 19.11 9.55 21 10.5 21
103 104 5.52 2.76 6 3 6
104 105 29.1 14.55 15 7.5 15
105 106 25.48 12.74 28 14 28
106 107 57.5 28.75 25 12.5 25
105 107 35.72 17.86 38 19 38
107 108 84.46 42.23 103 51.5 103
106 109 19.68 9.84 8 4 8
109 110 6.23 3.12 7 3.5 7
109 111 12.09 6.04 13 6.5 13
106 111 11.44 5.72 13 6.5 13
111 112 3.2 1.6 4 2 4
102 112 113.62 56.81 46 23 46
112 113 10.92 5.46 12 6 12
113 114 29.88 14.94 36 18 36
114 115 8.7 4.35 10 5 10
0 115 16.38 8.19 18 9 18
115 116 17.1 8.55 19 9.5 19
114 116 18.2 9.1 20 10 20
1 116 12.96 6.48 16 8 16
116 117 229.81 114.91 49 24.5 49
116 118 44.64 22.32 24 12 24
118 119 12.04 6.02 14 7 14
113 117 223.3 111.65 58 29 58
3 123 55.61 27.8 67 33.5 67
123 125 9.13 4.57 11 5.5 11
125 126 13.2 6.6 15 7.5 15
126 127 47.74 23.87 22 11 22
2 127 38.95 19.48 41 20.5 41
127 128 21.62 10.81 23 11.5 23
126 128 25.74 12.87 11 5.5 11
125 129 82.95 41.48 35 17.5 35
125 130 21.84 10.92 26 13 26
130 131 4.55 2.27 5 2.5 5
131 132 14.63 7.32 7 3.5 7
132 133 8.8 4.4 10 5 10
132 134 17.67 8.84 19 9.5 19
133 134 11.62 5.81 14 7 14
133 135 28.52 14.26 31 15.5 31
135 136 65.83 32.91 29 14.5 29
135 137 4.05 2.02 5 2.5 5
130 137 73.32 36.66 47 23.5 47
124 137 42.6 21.3 20 10 20
54 139 32.06 16.03 14 7 14
53 139 16.02 8.01 18 9 18
10 26 46.5 23.25 50 25 50
57 69 25.52 12.76 11 5.5 11
5 6 19.53 9.77 21 10.5 0
8 9 11.16 5.58 12 6 0
17 18 14.7 7.35 6 3 0
20 22 45.65 22.82 55 27.5 0
22 25 16.6 8.3 20 10 0
25 30 9.6 4.8 12 6 0
47 138 40.18 20.09 49 24.5 0
55 64 27.3 13.65 30 15 0
85 87 29.04 14.52 33 16.5 0
87 88 12.74 6.37 14 7 0
87 89 24.72 12.36 12 6 0
89 90 6.16 3.08 7 3.5 0
67 89 54.94 27.47 67 33.5 0
65 90 62.1 31.05 69 34.5 0
92 93 14.79 7.39 17 8.5 0
93 94 46.55 23.27 49 24.5 0
93 99 84.32 42.16 17 8.5 0
93 100 7.84 3.92 4 2 0
65 100 45.36 22.68 28 14 0
100 101 14.11 7.05 17 8.5 0
101 102 157.5 78.75 42 21 0
90 102 58.59 29.3 27 13.5 0
90 117 28.35 14.18 35 17.5 0
117 120 15.81 7.91 17 8.5 0
119 120 14.72 7.36 16 8 0
120 121 7.36 3.68 8 4 0
86 121 31.05 15.53 15 7.5 0
121 122 28.65 14.32 15 7.5 0
122 123 130.21 65.11 29 14.5 0
119 122 29.44 14.72 32 16 0
122 124 27.84 13.92 32 16 0
