0 1 25.92 12.96 32 16 32
1 2 21.98 10.99 14 7 14
1 3 15.47 7.74 17 8.5 17
3 4 95.2 47.6 56 28 56
4 5 6.64 3.32 8 4 8
4 6 5.1 2.55 6 3 6
6 7 15.3 7.65 18 9 18
7 8 22.88 11.44 26 13 26
8 9 17.6 8.8 20 10 20
9 10 25.32 12.66 12 6 12
10 11 26.56 13.28 32 16 32
11 15 23.49 11.74 29 14.5 29
12 15 32.24 16.12 13 6.5 13
12 13 6.23 3.12 7 3.5 7
13 14 6.09 3.04 7 3.5 7
12 76 10.92 5.46 12 6 12
14 16 20.8 10.4 26 13 26
14 17 32.68 16.34 38 19 38
17 18 37.72 18.86 41 20.5 41
18 19 28.48 14.24 32 16 32
17 19 45.15 22.57 21 10.5 21
18 20 32.3 16.15 38 19 38
20 21 14.62 7.31 17 8.5 17
21 74 39.6 19.8 24 12 24
21 23 3.32 1.66 4 2 4
23 24 40.5 20.25 27 13.5 27
24 74 13.44 6.72 16 8 16
24 25 30.6 15.3 17 8.5 17
22 25 10.8 5.4 12 6 12
25 26 13.2 6.6 15 7.5 15
25 27 15.66 7.83 18 9 18
27 28 13.6 6.8 16 8 16
24 28 48.06 24.03 27 13.5 27
29 30 12.74 6.37 14 7 14
22 30 33.6 16.8 40 20 40
30 31 49.3 24.65 58 29 58
31 32 25.5 12.75 30 15 30
31 33 73.53 36.77 43 21.5 43
31 34 68.8 34.4 86 43 86
32 35 21.87 10.94 27 13.5 27
32 36 140.25 70.12 75 37.5 75
36 37 7.36 3.68 8 4 8
36 38 19.74 9.87 21 10.5 21
38 39 4.15 2.08 5 2.5 5
34 38 6.51 3.25 7 3.5 7
34 40 13.2 6.6 15 7.5 15
39 40 21.42 10.71 9 4.5 9
40 41 15.3 7.65 18 9 18
41 42 9.24 4.62 11 5.5 11
42 43 67.08 33.54 78 39 78
43 44 10.8 5.4 12 6 12
44 45 9.72 4.86 12 6 12
43 45 10.92 5.46 13 6.5 13
45 46 66 33 33 16.5 33
46 47 8.7 4.35 10 5 10
10 47 132.72 66.36 79 39.5 79
46 48 7.38 3.69 9 4.5 9
48 49 29.92 14.96 8 4 8
48 50 8.7 4.35 10 5 10
49 51 1.74 0.87 2 1 2
50 52 9.4 4.7 4 2 4
51 52 3.52 1.76 4 2 4
51 53 6.48 3.24 4 2 4
23 52 102.72 51.36 24 12 24
18 49 27 13.5 30 15 30
54 55 4.98 2.49 6 3 6
41 55 41.86 20.93 26 13 26
41 56 12.04 6.02 14 7 14
56 57 70.98 35.49 78 39 78
57 58 58 29 25 12.5 25
10 58 69.42 34.71 78 39 78
57 59 27.06 13.53 33 16.5 33
59 60 31.98 15.99 39 19.5 39
59 61 19.32 9.66 23 11.5 23
61 62 26.4 13.2 30 15 30
62 63 7.65 3.83 9 4.5 9
62 64 16.8 8.4 21 10.5 21
61 65 13.28 6.64 16 8 16
65 67 155.7 77.85 45 22.5 45
57 68 26.24 13.12 32 16 32
58 68 17.27 8.63 11 5.5 11
3 68 63 31.5 75 37.5 75
69 70 52.64 26.32 56 28 56
70 71 13.32 6.66 6 3 6
70 72 4.7 2.35 5 2.5 5
71 72 7.8 3.9 5 2.5 5
72 73 21.5 10.75 25 12.5 25
17 71 385.48 192.74 92 46 92
55 66 32.4 16.2 36 18 36
22 74 13.94 6.97 17 8.5 17
11 75 6.09 3.04 7 3.5 7
19 75 14 7 8 4 8
14 76 11.18 5.59 13 6.5 13
75 76 30.1 15.05 35 17.5 35
20 50 1.76 0.88 2 1 2
43 58 42.84 21.42 28 14 28
59 66 112.52 56.26 29 14.5 29
61 66 27.59 13.79 31 15.5 31
