0 1 25.92 12.96 32 16 32
1 2 11.48 5.74 14 7 14
1 3 28.56 14.28 17 8.5 17
3 4 116.48 58.24 56 28 56
4 5 15.52 7.76 8 4 8
4 6 12.78 6.39 6 3 6
6 7 41.58 20.79 18 9 18
7 8 56.16 28.08 26 13 26
8 9 18.6 9.3 20 10 20
9 10 10.08 5.04 12 6 12
10 11 29.76 14.88 32 16 32
11 15 23.78 11.89 29 14.5 29
12 15 29.38 14.69 13 6.5 13
12 13 5.81 2.9 7 3.5 7
13 14 6.51 3.25 7 3.5 7
12 76 18 9 12 6 12
14 16 59.28 29.64 26 13 26
14 17 33.44 16.72 38 19 38
17 18 35.67 17.84 41 20.5 41
18 19 108.16 54.08 32 16 32
17 19 18.27 9.13 21 10.5 21
18 20 34.2 17.1 38 19 38
20 21 30.09 15.04 17 8.5 17
21 74 36.72 18.36 24 12 24
21 23 3.48 1.74 4 2 4
23 24 24.57 12.29 27 13.5 27
24 74 13.44 6.72 16 8 16
24 25 42.33 21.16 17 8.5 17
22 25 10.08 5.04 12 6 12
25 26 46.35 23.18 15 7.5 15
25 27 16.56 8.28 18 9 18
27 28 13.12 6.56 16 8 16
24 28 24.3 12.15 27 13.5 27
29 30 24.36 12.18 14 7 14
22 30 88 44 40 20 40
30 31 47.56 23.78 58 29 58
31 32 26.4 13.2 30 15 30
31 33 35.26 17.63 43 21.5 43
31 34 79.12 39.56 86 43 86
32 35 23.22 11.61 27 13.5 27
32 36 64.5 32.25 75 37.5 75
36 37 7.52 3.76 8 4 8
36 38 19.11 9.55 21 10.5 21
38 39 4.45 2.23 5 2.5 5
34 38 13.72 6.86 7 3.5 7
34 40 28.05 14.03 15 7.5 15
39 40 7.29 3.65 9 4.5 9
40 41 34.92 17.46 18 9 18
41 42 10.45 5.22 11 5.5 11
42 43 70.2 35.1 78 39 78
43 44 10.2 5.1 12 6 12
44 45 28.44 14.22 12 6 12
43 45 11.96 5.98 13 6.5 13
45 46 26.4 13.2 33 16.5 33
46 47 8.5 4.25 10 5 10
10 47 71.1 35.55 79 39.5 79
46 48 7.92 3.96 9 4.5 9
48 49 13.44 6.72 8 4 8
48 50 22.4 11.2 10 5 10
49 51 1.74 0.87 2 1 2
50 52 8.52 4.26 4 2 4
51 52 3.44 1.72 4 2 4
51 53 3.6 1.8 4 2 4
23 52 22.32 11.16 24 12 24
18 49 26.4 13.2 30 15 30
54 55 4.92 2.46 6 3 6
41 55 24.18 12.09 26 13 26
41 56 11.9 5.95 14 7 14
56 57 74.1 37.05 78 39 78
57 58 39 19.5 25 12.5 25
10 58 71.76 35.88 78 39 78
57 59 81.84 40.92 33 16.5 33
59 60 31.98 15.99 39 19.5 39
59 61 20.7 10.35 23 11.5 23
61 62 28.2 14.1 30 15 30
62 63 8.01 4 9 4.5 9
62 64 17.85 8.93 21 10.5 21
61 65 13.6 6.8 16 8 16
65 67 41.4 20.7 45 22.5 45
57 68 29.76 14.88 32 16 32
58 68 8.91 4.46 11 5.5 11
3 68 142.5 71.25 75 37.5 75
69 70 48.72 24.36 56 28 56
70 71 5.46 2.73 6 3 6
70 72 7.55 3.77 5 2.5 5
71 72 7.7 3.85 5 2.5 5
72 73 20.5 10.25 25 12.5 25
17 71 87.4 43.7 92 46 92
55 66 31.68 15.84 36 18 36
22 74 15.64 7.82 17 8.5 17
11 75 6.23 3.12 7 3.5 7
19 75 7.36 3.68 8 4 8
14 76 11.57 5.79 13 6.5 13
75 76 78.4 39.2 35 17.5 35
20 50 1.62 0.81 2 1 2
43 58 24.36 12.18 28 14 28
59 66 72.21 36.1 29 14.5 29
61 66 27.28 13.64 31 15.5 31
