4 5 63.7 31.85 26 13 26
5 7 8.2 4.1 10 5 10
7 8 31.08 15.54 37 18.5 37
7 10 39.36 19.68 48 24 48
10 11 21.75 10.88 25 12.5 25
11 12 11.04 5.52 12 6 12
12 13 15.12 7.56 18 9 18
12 15 9.72 4.86 12 6 12
9 18 62.16 31.08 28 14 28
11 19 68.68 34.34 34 17 34
19 20 53.94 26.97 58 29 58
19 21 8.6 4.3 10 5 10
19 23 31.02 15.51 33 16.5 33
22 23 49.84 24.92 56 28 56
23 24 9.4 4.7 10 5 10
24 25 108 54 48 24 48
24 26 16.53 8.27 19 9.5 19
26 27 4.98 2.49 6 3 6
27 28 4.65 2.33 5 2.5 5
27 29 4.4 2.2 5 2.5 5
29 30 33.62 16.81 41 20.5 41
29 31 60.48 30.24 28 14 28
28 32 97.76 48.88 52 26 52
10 32 19.44 9.72 24 12 24
33 138 43.61 21.8 49 24.5 49
33 34 138.65 69.33 59 29.5 59
34 35 3.52 1.76 4 2 4
34 36 15.81 7.91 17 8.5 17
35 36 30.2 15.1 20 10 20
35 37 23 11.5 25 12.5 25
37 38 5.34 2.67 6 3 6
38 39 37.26 18.63 18 9 18
39 40 9.84 4.92 12 6 12
37 40 8.7 4.35 10 5 10
40 46 91.08 45.54 99 49.5 99
36 41 14.62 7.31 17 8.5 17
41 42 4.75 2.38 5 2.5 5
36 42 12.96 6.48 16 8 16
42 43 27.59 13.79 31 15.5 31
43 44 11.9 5.95 14 7 14
33 44 6.28 3.14 4 2 4
41 46 6.32 3.16 4 2 4
45 46 11.9 5.95 7 3.5 7
42 45 4.25 2.12 5 2.5 5
32 138 21.84 10.92 13 6.5 13
47 48 20 10 10 5 10
47 49 7.28 3.64 8 4 8
49 50 26.4 13.2 30 15 30
51 52 10.44 5.22 12 6 12
52 139 22.08 11.04 24 12 24
48 139 21.12 10.56 24 12 24
53 54 9 4.5 10 5 10
54 55 19.84 9.92 4 2 4
55 56 41.16 20.58 49 24.5 49
56 57 16.8 8.4 20 10 20
57 58 36.8 18.4 40 20 40
58 59 16.38 8.19 18 9 18
44 59 14.1 7.05 15 7.5 15
59 60 28.35 14.18 35 17.5 35
58 60 25.11 12.55 31 15.5 31
48 60 22.1 11.05 13 6.5 13
56 61 12.6 6.3 14 7 14
61 62 5.74 2.87 7 3.5 7
62 63 7.83 3.92 9 4.5 9
63 64 12.6 6.3 15 7.5 15
61 65 62.9 31.45 37 18.5 37
65 66 26.4 13.2 33 16.5 33
66 67 7.56 3.78 9 4.5 9
66 68 3.28 1.64 4 2 4
68 69 7.28 3.64 8 4 8
69 70 8.37 4.18 9 4.5 9
68 70 5.7 2.85 6 3 6
70 71 7.29 3.65 9 4.5 9
71 72 16.02 8.01 18 9 18
71 73 13.65 6.83 15 7.5 15
72 73 4.4 2.2 5 2.5 5
43 72 34.2 17.1 36 18 36
74 75 90.71 45.35 47 23.5 47
73 75 24.3 12.15 27 13.5 27
75 76 8.7 4.35 10 5 10
45 76 33.6 16.8 16 8 16
76 77 13.5 6.75 15 7.5 15
77 78 10.32 5.16 12 6 12
78 79 9.6 4.8 12 6 12
78 80 18 9 9 4.5 9
79 80 22.9 11.45 10 5 10
79 81 37.92 18.96 16 8 16
81 82 8.3 4.15 10 5 10
80 82 13.77 6.88 17 8.5 17
81 83 26.52 13.26 13 6.5 13
82 83 16.02 8.01 18 9 18
83 84 8.8 4.4 10 5 10
84 85 17.6 8.8 20 10 20
85 86 13.64 6.82 4 2 4
88 91 8.5 4.25 10 5 10
81 91 61.36 30.68 26 13 26
63 92 139.72 69.86 28 14 28
62 92 37.75 18.88 25 12.5 25
94 95 30.96 15.48 8 4 8
95 96 14.28 7.14 17 8.5 17
96 97 2.61 1.3 3 1.5 3
95 98 47.5 23.75 10 5 10
96 98 126.91 63.45 37 18.5 37
98 99 51.15 25.57 33 16.5 33
101 103 18.27 9.13 21 10.5 21
103 104 4.92 2.46 6 3 6
104 105 13.2 6.6 15 7.5 15
105 106 23.8 11.9 28 14 28
106 107 20.5 10.25 25 12.5 25
105 107 33.44 16.72 38 19 38
107 108 96.82 48.41 103 51.5 103
106 109 6.8 3.4 8 4 8
109 110 5.67 2.83 7 3.5 7
109 111 10.66 5.33 13 6.5 13
106 111 11.31 5.66 13 6.5 13
111 112 3.52 1.76 4 2 4
102 112 42.32 21.16 46 23 46
112 113 10.8 5.4 12 6 12
0 115 16.2 8.1 18 9 18
115 116 17.48 8.74 19 9.5 19
1 116 12.96 6.48 16 8 16
116 117 76.93 38.47 49 24.5 49
116 118 53.76 26.88 24 12 24
113 117 51.04 25.52 58 29 58
3 123 54.27 27.14 67 33.5 67
123 125 9.35 4.67 11 5.5 11
125 126 30.6 15.3 15 7.5 15
126 127 19.58 9.79 22 11 22
2 127 33.21 16.61 41 20.5 41
127 128 20.93 10.46 23 11.5 23
126 128 17.27 8.63 11 5.5 11
125 129 71.75 35.88 35 17.5 35
125 130 59.28 29.64 26 13 26
130 131 4.1 2.05 5 2.5 5
131 132 6.51 3.25 7 3.5 7
132 133 8.7 4.35 10 5 10
132 134 17.48 8.74 19 9.5 19
133 134 12.46 6.23 14 7 14
133 135 99.2 49.6 31 15.5 31
135 136 25.23 12.62 29 14.5 29
135 137 4.7 2.35 5 2.5 5
130 137 38.07 19.04 47 23.5 47
124 137 18.2 9.1 20 10 20
54 139 12.04 6.02 14 7 14
53 139 14.58 7.29 18 9 18
10 26 43 21.5 50 25 50
57 69 18.26 9.13 11 5.5 11
5 6 19.11 9.55 21 10.5 0
8 9 10.68 5.34 12 6 0
9 14 11.31 5.66 13 6.5 0
14 15 16.24 8.12 8 4 0
14 16 11.31 5.66 13 6.5 0
12 16 13.98 6.99 6 3 0
16 17 15.6 7.8 8 4 0
17 18 5.58 2.79 6 3 0
20 22 90.75 45.38 55 27.5 0
22 25 44.8 22.4 20 10 0
25 30 28.8 14.4 12 6 0
47 138 43.61 21.8 49 24.5 0
50 51 9.84 4.92 12 6 0
55 64 28.5 14.25 30 15 0
70 74 33.48 16.74 36 18 0
85 87 29.37 14.69 33 16.5 0
87 88 11.9 5.95 14 7 0
87 89 9.96 4.98 12 6 0
89 90 6.23 3.12 7 3.5 0
67 89 59.63 29.82 67 33.5 0
65 90 146.28 73.14 69 34.5 0
83 91 25.23 12.62 29 14.5 0
92 93 15.81 7.91 17 8.5 0
93 94 46.55 23.27 49 24.5 0
93 99 13.6 6.8 17 8.5 0
93 100 3.44 1.72 4 2 0
65 100 24.92 12.46 28 14 0
100 101 15.64 7.82 17 8.5 0
101 102 36.12 18.06 42 21 0
90 102 24.03 12.02 27 13.5 0
113 114 33.12 16.56 36 18 0
114 115 39.1 19.55 10 5 0
114 116 17.6 8.8 20 10 0
118 119 13.16 6.58 14 7 0
90 117 60.55 30.27 35 17.5 0
117 120 15.3 7.65 17 8.5 0
119 120 13.6 6.8 16 8 0
120 121 7.36 3.68 8 4 0
86 121 12.3 6.15 15 7.5 0
121 122 33 16.5 15 7.5 0
122 123 109.91 54.95 29 14.5 0
119 122 27.84 13.92 32 16 0
122 124 29.44 14.72 32 16 0
