0 1 32 16 28.48 14.24 32
1 2 14 7 11.9 5.95 14
1 3 17 8.5 15.98 7.99 17
3 4 56 28 50.96 25.48 56
8 9 20 10 17.2 8.6 20
10 11 32 16 29.12 14.56 32
11 15 29 14.5 24.36 12.18 29
12 15 13 6.5 11.44 5.72 13
12 13 7 3.5 6.58 3.29 7
14 16 26 13 21.32 10.66 26
14 17 38 19 72.96 36.48 38
17 18 41 20.5 72.16 36.08 41
18 19 32 16 28.16 14.08 32
18 20 38 19 30.78 15.39 38
20 21 17 8.5 36.72 18.36 17
21 74 24 12 44.4 22.2 24
22 30 40 20 36.4 18.2 40
30 31 58 29 48.72 24.36 58
31 32 30 15 27.6 13.8 30
31 33 43 21.5 186.62 93.31 43
31 34 86 43 80.84 40.42 86
34 40 15 7.5 13.5 6.75 15
42 43 78 39 71.76 35.88 78
43 44 12 6 22.2 11.1 12
43 45 13 6.5 10.66 5.33 13
45 46 33 16.5 26.4 13.2 33
46 47 10 5 8.1 4.05 10
46 48 9 4.5 8.19 4.09 9
48 49 8 4 7.28 3.64 8
48 50 10 5 9.1 4.55 10
49 51 2 1 1.86 0.93 2
51 53 4 2 3.48 1.74 4
54 55 6 3 5.46 2.73 6
41 56 14 7 12.88 6.44 14
56 57 78 39 156 78 78
57 58 25 12.5 21 10.5 25
10 58 78 39 358.8 179.4 78
57 59 33 16.5 74.91 37.45 33
59 60 39 19.5 90.09 45.05 39
59 61 23 11.5 19.32 9.66 23
61 62 30 15 25.8 12.9 30
62 64 21 10.5 74.76 37.38 21
61 65 16 8 13.6 6.8 16
65 67 45 22.5 37.35 18.68 45
57 68 32 16 26.24 13.12 32
58 68 11 5.5 9.79 4.89 11
3 68 75 37.5 183.75 91.88 75
22 74 17 8.5 32.81 16.41 17
19 75 8 4 7.2 3.6 8
20 50 2 1 4.44 2.22 2
43 58 28 14 23.8 11.9 28
4 5 8 4 6.64 3.32 0
4 6 6 3 5.52 2.76 0
6 7 18 9 16.2 8.1 0
7 8 26 13 58.24 29.12 0
9 10 12 6 9.96 4.98 0
13 14 7 3.5 5.74 2.87 0
12 76 12 6 11.04 5.52 0
17 19 21 10.5 18.69 9.35 0
21 23 4 2 6.6 3.3 0
23 24 27 13.5 44.55 22.27 0
24 74 16 8 12.96 6.48 0
24 25 17 8.5 29.92 14.96 0
22 25 12 6 10.92 5.46 0
25 26 15 7.5 13.65 6.83 0
25 27 18 9 16.56 8.28 0
27 28 16 8 14.08 7.04 0
24 28 27 13.5 25.65 12.82 0
29 30 14 7 12.18 6.09 0
32 35 27 13.5 43.2 21.6 0
32 36 75 37.5 66.75 33.38 0
36 37 8 4 7.36 3.68 0
36 38 21 10.5 43.47 21.73 0
38 39 5 2.5 4.55 2.27 0
34 38 7 3.5 6.3 3.15 0
39 40 9 4.5 7.38 3.69 0
40 41 18 9 14.94 7.47 0
41 42 11 5.5 9.9 4.95 0
44 45 12 6 11.28 5.64 0
10 47 79 39.5 65.57 32.78 0
50 52 4 2 3.56 1.78 0
51 52 4 2 3.72 1.86 0
23 52 24 12 19.68 9.84 0
18 49 30 15 47.7 23.85 0
41 55 26 13 24.18 12.09 0
62 63 9 4.5 7.29 3.65 0
69 70 56 28 52.08 26.04 0
70 71 6 3 5.1 2.55 0
70 72 5 2.5 4.45 2.23 0
71 72 5 2.5 4.6 2.3 0
72 73 25 12.5 20.75 10.38 0
17 71 92 46 79.12 39.56 0
55 66 36 18 31.32 15.66 0
11 75 7 3.5 6.37 3.19 0
14 76 13 6.5 10.4 5.2 0
75 76 35 17.5 30.8 15.4 0
59 66 29 14.5 69.6 34.8 0
61 66 31 15.5 28.83 14.41 0
