0 1 68.8 34.4 32 16 32
1 2 12.32 6.16 14 7 14
1 3 15.98 7.99 17 8.5 17
3 4 45.36 22.68 56 28 56
4 5 6.72 3.36 8 4 8
4 6 5.64 2.82 6 3 6
6 7 15.12 7.56 18 9 18
7 8 39.52 19.76 26 13 26
8 9 42.6 21.3 20 10 20
9 10 53.88 26.94 12 6 12
10 11 30.4 15.2 32 16 32
11 15 24.07 12.04 29 14.5 29
12 15 11.57 5.79 13 6.5 13
12 13 5.95 2.98 7 3.5 7
13 14 6.65 3.33 7 3.5 7
12 76 9.6 4.8 12 6 12
14 16 22.62 11.31 26 13 26
14 17 88.92 44.46 38 19 38
17 18 37.72 18.86 41 20.5 41
18 19 29.12 14.56 32 16 32
17 19 19.11 9.55 21 10.5 21
18 20 75.24 37.62 38 19 38
20 21 16.15 8.07 17 8.5 17
21 74 19.68 9.84 24 12 24
21 23 6.6 3.3 4 2 4
23 24 84.51 42.26 27 13.5 27
24 74 12.96 6.48 16 8 16
24 25 37.57 18.79 17 8.5 17
22 25 22.68 11.34 12 6 12
25 26 27.75 13.88 15 7.5 15
25 27 14.94 7.47 18 9 18
27 28 14.24 7.12 16 8 16
24 28 25.38 12.69 27 13.5 27
29 30 12.32 6.16 14 7 14
22 30 36 18 40 20 40
30 31 46.98 23.49 58 29 58
31 32 63.3 31.65 30 15 30
31 33 68.8 34.4 43 21.5 43
31 34 259.72 129.86 86 43 86
32 35 24.03 12.02 27 13.5 27
32 36 68.25 34.12 75 37.5 75
36 37 6.96 3.48 8 4 8
36 38 18.69 9.35 21 10.5 21
38 39 11.5 5.75 5 2.5 5
34 38 5.67 2.83 7 3.5 7
34 40 33 16.5 15 7.5 15
39 40 7.83 3.92 9 4.5 9
40 41 37.98 18.99 18 9 18
41 42 9.79 4.89 11 5.5 11
42 43 125.58 62.79 78 39 78
43 44 51.96 25.98 12 6 12
44 45 9.72 4.86 12 6 12
43 45 25.35 12.68 13 6.5 13
45 46 27.06 13.53 33 16.5 33
46 47 17.1 8.55 10 5 10
10 47 69.52 34.76 79 39.5 79
46 48 8.28 4.14 9 4.5 9
48 49 7.04 3.52 8 4 8
48 50 9.1 4.55 10 5 10
49 51 1.86 0.93 2 1 2
50 52 3.64 1.82 4 2 4
51 52 3.64 1.82 4 2 4
51 53 18.52 9.26 4 2 4
23 52 19.68 9.84 24 12 24
18 49 25.8 12.9 30 15 30
54 55 5.16 2.58 6 3 6
41 55 42.38 21.19 26 13 26
41 56 12.18 6.09 14 7 14
56 57 67.08 33.54 78 39 78
57 58 20.75 10.38 25 12.5 25
10 58 73.32 36.66 78 39 78
57 59 26.73 13.37 33 16.5 33
59 60 82.29 41.15 39 19.5 39
59 61 18.4 9.2 23 11.5 23
61 62 27.3 13.65 30 15 30
62 63 8.1 4.05 9 4.5 9
62 64 46.41 23.2 21 10.5 21
61 65 14.4 7.2 16 8 16
65 67 42.75 21.38 45 22.5 45
57 68 27.2 13.6 32 16 32
58 68 10.01 5 11 5.5 11
3 68 63.75 31.88 75 37.5 75
69 70 47.6 23.8 56 28 56
70 71 5.16 2.58 6 3 6
70 72 4.6 2.3 5 2.5 5
71 72 4.1 2.05 5 2.5 5
72 73 20.5 10.25 25 12.5 25
17 71 82.8 41.4 92 46 92
55 66 60.48 30.24 36 18 36
22 74 33.66 16.83 17 8.5 17
11 75 5.95 2.98 7 3.5 7
19 75 6.72 3.36 8 4 8
14 76 11.83 5.92 13 6.5 13
75 76 75.25 37.62 35 17.5 35
20 50 3.98 1.99 2 1 2
43 58 108.36 54.18 28 14 28
59 66 24.07 12.04 29 14.5 29
61 66 29.45 14.72 31 15.5 31
