4 5 21.06 10.53 26 13 26
5 7 23.4 11.7 10 5 10
7 8 32.56 16.28 37 18.5 37
7 10 39.84 19.92 48 24 48
10 11 23 11.5 25 12.5 25
11 12 26.64 13.32 12 6 12
12 13 15.12 7.56 18 9 18
19 21 8 4 10 5 10
19 23 30.03 15.02 33 16.5 33
23 24 8.8 4.4 10 5 10
24 26 17.1 8.55 19 9.5 19
26 27 5.34 2.67 6 3 6
27 28 4.15 2.08 5 2.5 5
27 29 4.7 2.35 5 2.5 5
29 31 25.76 12.88 28 14 28
10 32 21.36 10.68 24 12 24
33 138 95.55 47.77 49 24.5 49
35 36 17 8.5 20 10 20
35 37 23 11.5 25 12.5 25
37 38 13.8 6.9 6 3 6
38 39 15.3 7.65 18 9 18
36 42 59.2 29.6 16 8 16
42 43 25.73 12.87 31 15.5 31
43 44 13.16 6.58 14 7 14
33 44 8.96 4.48 4 2 4
42 45 11.7 5.85 5 2.5 5
32 138 11.7 5.85 13 6.5 13
47 48 20.7 10.35 10 5 10
48 139 48 24 24 12 24
53 54 8.6 4.3 10 5 10
54 55 3.6 1.8 4 2 4
61 62 15.47 7.74 7 3.5 7
62 63 22.41 11.21 9 4.5 9
63 64 13.65 6.83 15 7.5 15
61 65 31.08 15.54 37 18.5 37
65 66 27.06 13.53 33 16.5 33
66 67 8.46 4.23 9 4.5 9
66 68 7.88 3.94 4 2 4
68 70 29.34 14.67 6 3 6
70 71 8.1 4.05 9 4.5 9
71 72 15.66 7.83 18 9 18
43 72 55.44 27.72 36 18 36
45 76 13.76 6.88 16 8 16
76 77 23.25 11.62 15 7.5 15
77 78 10.32 5.16 12 6 12
78 79 10.44 5.22 12 6 12
79 81 13.12 6.56 16 8 16
81 83 11.96 5.98 13 6.5 13
83 84 24.8 12.4 10 5 10
84 85 17.4 8.7 20 10 20
85 86 3.32 1.66 4 2 4
94 95 7.36 3.68 8 4 8
95 96 15.81 7.91 17 8.5 17
96 97 4.74 2.37 3 1.5 3
101 103 40.95 20.48 21 10.5 21
103 104 5.16 2.58 6 3 6
104 105 73.05 36.52 15 7.5 15
105 106 56.56 28.28 28 14 28
106 107 20.5 10.25 25 12.5 25
107 108 155.53 77.77 103 51.5 103
106 109 6.4 3.2 8 4 8
109 110 6.51 3.25 7 3.5 7
109 111 31.59 15.79 13 6.5 13
106 111 11.57 5.79 13 6.5 13
111 112 3.32 1.66 4 2 4
112 113 9.84 4.92 12 6 12
0 115 15.66 7.83 18 9 18
115 116 17.48 8.74 19 9.5 19
1 116 14.72 7.36 16 8 16
116 118 22.32 11.16 24 12 24
113 117 53.36 26.68 58 29 58
123 125 19.36 9.68 11 5.5 11
125 129 31.85 15.93 35 17.5 35
54 139 11.48 5.74 14 7 14
10 26 42 21 50 25 50
5 6 19.53 9.77 21 10.5 0
8 9 18.6 9.3 12 6 0
9 14 27.43 13.71 13 6.5 0
14 15 7.6 3.8 8 4 0
14 16 12.22 6.11 13 6.5 0
12 16 5.58 2.79 6 3 0
12 15 10.2 5.1 12 6 0
16 17 7.44 3.72 8 4 0
17 18 10.26 5.13 6 3 0
9 18 23.24 11.62 28 14 0
11 19 29.58 14.79 34 17 0
19 20 49.88 24.94 58 29 0
20 22 46.2 23.1 55 27.5 0
22 23 51.52 25.76 56 28 0
24 25 95.04 47.52 48 24 0
22 25 16.8 8.4 20 10 0
29 30 38.13 19.07 41 20.5 0
25 30 9.84 4.92 12 6 0
28 32 48.36 24.18 52 26 0
33 34 47.79 23.89 59 29.5 0
34 35 20 10 4 2 0
34 36 25.67 12.84 17 8.5 0
39 40 29.4 14.7 12 6 0
37 40 9.4 4.7 10 5 0
40 46 82.17 41.09 99 49.5 0
36 41 14.79 7.39 17 8.5 0
41 42 4.6 2.3 5 2.5 0
41 46 12.6 6.3 4 2 0
45 46 28.98 14.49 7 3.5 0
47 138 112.7 56.35 49 24.5 0
47 49 6.72 3.36 8 4 0
49 50 52.5 26.25 30 15 0
50 51 29.16 14.58 12 6 0
51 52 9.84 4.92 12 6 0
52 139 41.28 20.64 24 12 0
55 56 83.79 41.9 49 24.5 0
56 57 18.8 9.4 20 10 0
57 58 94.4 47.2 40 20 0
58 59 41.04 20.52 18 9 0
44 59 24.6 12.3 15 7.5 0
59 60 67.2 33.6 35 17.5 0
58 60 29.14 14.57 31 15.5 0
48 60 10.92 5.46 13 6.5 0
56 61 11.62 5.81 14 7 0
55 64 55.5 27.75 30 15 0
68 69 6.64 3.32 8 4 0
69 70 8.37 4.18 9 4.5 0
71 73 29.25 14.62 15 7.5 0
72 73 4.15 2.08 5 2.5 0
70 74 75.96 37.98 36 18 0
74 75 38.54 19.27 47 23.5 0
73 75 21.87 10.94 27 13.5 0
75 76 8.7 4.35 10 5 0
78 80 7.65 3.83 9 4.5 0
79 80 9.4 4.7 10 5 0
81 82 9.1 4.55 10 5 0
80 82 14.62 7.31 17 8.5 0
82 83 16.56 8.28 18 9 0
85 87 30.69 15.35 33 16.5 0
87 88 50.82 25.41 14 7 0
87 89 10.68 5.34 12 6 0
89 90 5.67 2.83 7 3.5 0
67 89 63.65 31.82 67 33.5 0
65 90 55.89 27.95 69 34.5 0
88 91 18.8 9.4 10 5 0
81 91 22.1 11.05 26 13 0
83 91 24.07 12.04 29 14.5 0
63 92 25.2 12.6 28 14 0
62 92 21.5 10.75 25 12.5 0
92 93 33.66 16.83 17 8.5 0
93 94 45.57 22.79 49 24.5 0
95 98 9.2 4.6 10 5 0
96 98 66.97 33.48 37 18.5 0
98 99 29.04 14.52 33 16.5 0
93 99 13.77 6.88 17 8.5 0
93 100 3.76 1.88 4 2 0
65 100 122.36 61.18 28 14 0
100 101 13.6 6.8 17 8.5 0
101 102 36.12 18.06 42 21 0
90 102 22.14 11.07 27 13.5 0
105 107 63.46 31.73 38 19 0
102 112 38.64 19.32 46 23 0
113 114 31.68 15.84 36 18 0
114 115 19.5 9.75 10 5 0
114 116 16.4 8.2 20 10 0
116 117 40.18 20.09 49 24.5 0
118 119 34.3 17.15 14 7 0
90 117 32.9 16.45 35 17.5 0
117 120 15.81 7.91 17 8.5 0
119 120 13.12 6.56 16 8 0
120 121 6.8 3.4 8 4 0
86 121 12.3 6.15 15 7.5 0
121 122 12.3 6.15 15 7.5 0
122 123 24.07 12.04 29 14.5 0
119 122 25.92 12.96 32 16 0
122 124 72.64 36.32 32 16 0
3 123 106.53 53.27 67 33.5 0
125 126 13.5 6.75 15 7.5 0
126 127 20.46 10.23 22 11 0
2 127 66.83 33.41 41 20.5 0
127 128 20.01 10.01 23 11.5 0
126 128 9.46 4.73 11 5.5 0
125 130 55.12 27.56 26 13 0
130 131 4.45 2.23 5 2.5 0
131 132 6.02 3.01 7 3.5 0
132 133 8.6 4.3 10 5 0
132 134 17.86 8.93 19 9.5 0
133 134 32.48 16.24 14 7 0
133 135 26.35 13.18 31 15.5 0
135 136 24.65 12.32 29 14.5 0
135 137 4.4 2.2 5 2.5 0
130 137 39.48 19.74 47 23.5 0
124 137 35 17.5 20 10 0
53 139 15.84 7.92 18 9 0
57 69 9.9 4.95 11 5.5 0
