4 5 23.92 11.96 26 13 26
5 7 8.5 4.25 10 5 10
7 8 29.6 14.8 37 18.5 37
7 10 39.36 19.68 48 24 48
10 11 22.75 11.38 25 12.5 25
11 12 10.8 5.4 12 6 12
12 13 16.56 8.28 18 9 18
9 14 11.31 5.66 13 6.5 13
14 15 6.72 3.36 8 4 8
14 16 10.53 5.26 13 6.5 13
12 16 5.58 2.79 6 3 6
12 15 9.72 4.86 12 6 12
16 17 13.52 6.76 8 4 8
9 18 24.08 12.04 28 14 28
11 19 125.46 62.73 34 17 34
19 20 48.72 24.36 58 29 58
19 21 20.2 10.1 10 5 10
19 23 31.02 15.51 33 16.5 33
22 23 125.44 62.72 56 28 56
23 24 43.3 21.65 10 5 10
24 25 43.2 21.6 48 24 48
24 26 46.17 23.09 19 9.5 19
26 27 5.22 2.61 6 3 6
27 28 4.35 2.17 5 2.5 5
27 29 4.7 2.35 5 2.5 5
29 30 35.26 17.63 41 20.5 41
29 31 48.16 24.08 28 14 28
28 32 222.56 111.28 52 26 52
10 32 19.44 9.72 24 12 24
33 138 87.22 43.61 49 24.5 49
33 34 271.4 135.7 59 29.5 59
34 35 3.56 1.78 4 2 4
34 36 14.28 7.14 17 8.5 17
35 36 35.4 17.7 20 10 20
35 37 20.75 10.38 25 12.5 25
37 38 5.04 2.52 6 3 6
38 39 15.84 7.92 18 9 18
39 40 26.88 13.44 12 6 12
37 40 8.6 4.3 10 5 10
40 46 90.09 45.05 99 49.5 99
36 41 13.77 6.88 17 8.5 17
41 42 4.35 2.17 5 2.5 5
36 42 14.24 7.12 16 8 16
42 43 29.14 14.57 31 15.5 31
43 44 12.32 6.16 14 7 14
33 44 15.12 7.56 4 2 4
41 46 3.56 1.78 4 2 4
45 46 6.44 3.22 7 3.5 7
42 45 4.65 2.33 5 2.5 5
32 138 10.92 5.46 13 6.5 13
47 48 8.6 4.3 10 5 10
47 49 6.8 3.4 8 4 8
49 50 24.3 12.15 30 15 30
50 51 11.16 5.58 12 6 12
51 52 10.68 5.34 12 6 12
52 139 21.6 10.8 24 12 24
48 139 21.84 10.92 24 12 24
53 54 9.4 4.7 10 5 10
54 55 7.84 3.92 4 2 4
55 56 45.08 22.54 49 24.5 49
56 57 16.2 8.1 20 10 20
57 58 77.2 38.6 40 20 40
58 59 15.84 7.92 18 9 18
44 59 14.1 7.05 15 7.5 15
59 60 164.85 82.42 35 17.5 35
58 60 97.96 48.98 31 15.5 31
48 60 28.08 14.04 13 6.5 13
56 61 12.04 6.02 14 7 14
61 62 6.02 3.01 7 3.5 7
62 63 7.83 3.92 9 4.5 9
63 64 62.7 31.35 15 7.5 15
61 65 32.56 16.28 37 18.5 37
65 66 75.57 37.78 33 16.5 33
66 67 17.37 8.69 9 4.5 9
66 68 3.52 1.76 4 2 4
68 69 7.12 3.56 8 4 8
69 70 19.53 9.77 9 4.5 9
68 70 5.52 2.76 6 3 6
70 71 16.56 8.28 9 4.5 9
71 72 44.82 22.41 18 9 18
71 73 12.9 6.45 15 7.5 15
72 73 4.65 2.33 5 2.5 5
43 72 31.32 15.66 36 18 36
70 74 33.12 16.56 36 18 36
74 75 44.65 22.32 47 23.5 47
73 75 25.38 12.69 27 13.5 27
75 76 8.8 4.4 10 5 10
45 76 14.4 7.2 16 8 16
76 77 13.8 6.9 15 7.5 15
77 78 21.84 10.92 12 6 12
78 79 10.44 5.22 12 6 12
78 80 8.55 4.28 9 4.5 9
79 80 8.2 4.1 10 5 10
79 81 48.32 24.16 16 8 16
81 82 8.8 4.4 10 5 10
80 82 14.28 7.14 17 8.5 17
81 83 11.57 5.79 13 6.5 13
82 83 39.06 19.53 18 9 18
83 84 33.8 16.9 10 5 10
84 85 16.2 8.1 20 10 20
85 86 3.24 1.62 4 2 4
88 91 8.8 4.4 10 5 10
81 91 21.32 10.66 26 13 26
83 91 26.39 13.2 29 14.5 29
63 92 24.64 12.32 28 14 28
62 92 22.5 11.25 25 12.5 25
94 95 7.2 3.6 8 4 8
95 96 14.62 7.31 17 8.5 17
96 97 7.08 3.54 3 1.5 3
95 98 9.5 4.75 10 5 10
96 98 34.04 17.02 37 18.5 37
98 99 28.38 14.19 33 16.5 33
101 103 51.66 25.83 21 10.5 21
103 104 5.1 2.55 6 3 6
104 105 26.7 13.35 15 7.5 15
105 106 26.32 13.16 28 14 28
106 107 22.25 11.12 25 12.5 25
105 107 83.22 41.61 38 19 38
107 108 82.4 41.2 103 51.5 103
106 109 13.36 6.68 8 4 8
109 110 5.95 2.98 7 3.5 7
109 111 12.09 6.04 13 6.5 13
106 111 11.83 5.92 13 6.5 13
111 112 6.88 3.44 4 2 4
102 112 81.42 40.71 46 23 46
112 113 24.36 12.18 12 6 12
113 114 29.16 14.58 36 18 36
114 115 8.1 4.05 10 5 10
0 115 16.2 8.1 18 9 18
115 116 35.72 17.86 19 9.5 19
114 116 17 8.5 20 10 20
1 116 29.12 14.56 16 8 16
116 117 94.08 47.04 49 24.5 49
116 118 21.12 10.56 24 12 24
118 119 12.74 6.37 14 7 14
113 117 50.46 25.23 58 29 58
3 123 261.3 130.65 67 33.5 67
123 125 9.79 4.89 11 5.5 11
125 126 14.25 7.12 15 7.5 15
126 127 20.02 10.01 22 11 22
2 127 34.03 17.02 41 20.5 41
127 128 43.24 21.62 23 11.5 23
126 128 9.68 4.84 11 5.5 11
125 129 32.9 16.45 35 17.5 35
125 130 22.36 11.18 26 13 26
130 131 10.65 5.33 5 2.5 5
131 132 5.74 2.87 7 3.5 7
132 133 9.2 4.6 10 5 10
132 134 15.77 7.88 19 9.5 19
133 134 23.52 11.76 14 7 14
133 135 25.42 12.71 31 15.5 31
135 136 110.78 55.39 29 14.5 29
135 137 4.35 2.17 5 2.5 5
130 137 220.43 110.22 47 23.5 47
124 137 16.2 8.1 20 10 20
54 139 12.18 6.09 14 7 14
53 139 28.8 14.4 18 9 18
10 26 43.5 21.75 50 25 50
57 69 10.23 5.12 11 5.5 11
5 6 17.22 8.61 21 10.5 0
8 9 10.2 5.1 12 6 0
17 18 5.46 2.73 6 3 0
20 22 103.95 51.98 55 27.5 0
22 25 18.6 9.3 20 10 0
25 30 11.16 5.58 12 6 0
47 138 42.63 21.32 49 24.5 0
55 64 73.2 36.6 30 15 0
85 87 26.4 13.2 33 16.5 0
87 88 11.62 5.81 14 7 0
87 89 11.16 5.58 12 6 0
89 90 6.44 3.22 7 3.5 0
67 89 56.95 28.48 67 33.5 0
65 90 129.03 64.52 69 34.5 0
92 93 14.79 7.39 17 8.5 0
93 94 183.75 91.88 49 24.5 0
93 99 41.48 20.74 17 8.5 0
93 100 8 4 4 2 0
65 100 24.36 12.18 28 14 0
100 101 40.46 20.23 17 8.5 0
101 102 38.22 19.11 42 21 0
90 102 21.6 10.8 27 13.5 0
90 117 29.75 14.88 35 17.5 0
117 120 14.96 7.48 17 8.5 0
119 120 14.4 7.2 16 8 0
120 121 7.44 3.72 8 4 0
86 121 36.75 18.38 15 7.5 0
121 122 12.15 6.08 15 7.5 0
122 123 48.43 24.21 29 14.5 0
119 122 28.48 14.24 32 16 0
122 124 62.4 31.2 32 16 0
