0 1 26.56 13.28 32 16 32
1 2 12.88 6.44 14 7 14
1 3 15.81 7.91 17 8.5 17
3 4 46.48 23.24 56 28 56
8 9 16.8 8.4 20 10 20
10 11 29.76 14.88 32 16 32
11 15 27.26 13.63 29 14.5 29
12 15 11.7 5.85 13 6.5 13
12 13 5.88 2.94 7 3.5 7
14 16 23.66 11.83 26 13 26
14 17 33.06 16.53 38 19 38
17 18 38.54 19.27 41 20.5 41
18 19 27.84 13.92 32 16 32
18 20 61.18 30.59 38 19 38
20 21 39.27 19.64 17 8.5 17
21 74 48.24 24.12 24 12 24
22 30 64.4 32.2 40 20 40
30 31 52.2 26.1 58 29 58
31 32 25.8 12.9 30 15 30
31 33 75.68 37.84 43 21.5 43
31 34 78.26 39.13 86 43 86
34 40 13.05 6.53 15 7.5 15
42 43 63.96 31.98 78 39 78
43 44 10.8 5.4 12 6 12
43 45 11.05 5.53 13 6.5 13
45 46 54.78 27.39 33 16.5 33
46 47 9.1 4.55 10 5 10
46 48 14.67 7.33 9 4.5 9
48 49 14.8 7.4 8 4 8
48 50 9.4 4.7 10 5 10
49 51 1.64 0.82 2 1 2
51 53 3.24 1.62 4 2 4
54 55 4.92 2.46 6 3 6
41 56 11.34 5.67 14 7 14
56 57 183.3 91.65 78 39 78
57 58 23.25 11.62 25 12.5 25
10 58 73.32 36.66 78 39 78
57 59 29.37 14.69 33 16.5 33
59 60 34.32 17.16 39 19.5 39
59 61 21.62 10.81 23 11.5 23
61 62 69.3 34.65 30 15 30
62 64 50.82 25.41 21 10.5 21
61 65 13.12 6.56 16 8 16
65 67 37.8 18.9 45 22.5 45
57 68 141.12 70.56 32 16 32
58 68 10.12 5.06 11 5.5 11
3 68 238.5 119.25 75 37.5 75
22 74 16.15 8.07 17 8.5 17
19 75 7.04 3.52 8 4 8
20 50 1.88 0.94 2 1 2
43 58 46.48 23.24 28 14 28
4 5 13.84 6.92 8 4 0
4 6 19.14 9.57 6 3 0
6 7 38.16 19.08 18 9 0
7 8 22.88 11.44 26 13 0
9 10 11.28 5.64 12 6 0
13 14 6.02 3.01 7 3.5 0
12 76 24.84 12.42 12 6 0
17 19 36.54 18.27 21 10.5 0
21 23 3.72 1.86 4 2 0
23 24 24.03 12.02 27 13.5 0
24 74 14.24 7.12 16 8 0
24 25 16.15 8.07 17 8.5 0
22 25 11.04 5.52 12 6 0
25 26 35.4 17.7 15 7.5 0
25 27 34.38 17.19 18 9 0
27 28 26.4 13.2 16 8 0
24 28 43.74 21.87 27 13.5 0
29 30 12.88 6.44 14 7 0
32 35 23.49 11.74 27 13.5 0
32 36 348 174 75 37.5 0
36 37 7.12 3.56 8 4 0
36 38 17.64 8.82 21 10.5 0
38 39 4.5 2.25 5 2.5 0
34 38 16.38 8.19 7 3.5 0
39 40 8.37 4.18 9 4.5 0
40 41 15.3 7.65 18 9 0
41 42 9.02 4.51 11 5.5 0
44 45 10.2 5.1 12 6 0
10 47 67.94 33.97 79 39.5 0
50 52 3.72 1.86 4 2 0
51 52 3.68 1.84 4 2 0
23 52 22.32 11.16 24 12 0
18 49 24.9 12.45 30 15 0
41 55 53.04 26.52 26 13 0
62 63 22.23 11.12 9 4.5 0
69 70 49.84 24.92 56 28 0
70 71 12.72 6.36 6 3 0
70 72 10.5 5.25 5 2.5 0
71 72 11.4 5.7 5 2.5 0
72 73 51 25.5 25 12.5 0
17 71 79.12 39.56 92 46 0
55 66 87.84 43.92 36 18 0
11 75 6.51 3.25 7 3.5 0
14 76 24.57 12.29 13 6.5 0
75 76 29.05 14.53 35 17.5 0
59 66 24.94 12.47 29 14.5 0
61 66 27.9 13.95 31 15.5 0
