4 5 41.08 20.54 26 13 26
5 6 19.53 9.77 21 10.5 21
5 7 8.4 4.2 10 5 10
7 8 83.62 41.81 37 18.5 37
8 9 11.28 5.64 12 6 12
7 10 42.24 21.12 48 24 48
10 11 20.25 10.12 25 12.5 25
11 12 9.84 4.92 12 6 12
12 13 14.94 7.47 18 9 18
9 14 52.26 26.13 13 6.5 13
14 15 6.88 3.44 8 4 8
14 16 28.34 14.17 13 6.5 13
12 16 23.22 11.61 6 3 6
12 15 10.56 5.28 12 6 12
16 17 6.4 3.2 8 4 8
17 18 5.04 2.52 6 3 6
9 18 54.6 27.3 28 14 28
11 19 27.2 13.6 34 17 34
19 20 103.24 51.62 58 29 58
19 21 8.8 4.4 10 5 10
20 22 45.1 22.55 55 27.5 55
19 23 29.7 14.85 33 16.5 33
22 23 50.4 25.2 56 28 56
23 24 8.3 4.15 10 5 10
24 25 41.76 20.88 48 24 48
22 25 18.2 9.1 20 10 20
24 26 17.86 8.93 19 9.5 19
26 27 5.58 2.79 6 3 6
27 28 4.45 2.23 5 2.5 5
27 29 4.2 2.1 5 2.5 5
29 30 33.62 16.81 41 20.5 41
25 30 10.44 5.22 12 6 12
29 31 26.04 13.02 28 14 28
28 32 45.76 22.88 52 26 52
10 32 51.36 25.68 24 12 24
33 138 196.49 98.25 49 24.5 49
33 34 55.46 27.73 59 29.5 59
34 35 3.36 1.68 4 2 4
34 36 14.11 7.05 17 8.5 17
35 36 17.6 8.8 20 10 20
35 37 23.75 11.88 25 12.5 25
37 38 5.16 2.58 6 3 6
38 39 14.76 7.38 18 9 18
39 40 53.4 26.7 12 6 12
37 40 8.6 4.3 10 5 10
40 46 85.14 42.57 99 49.5 99
36 41 15.47 7.74 17 8.5 17
41 42 4.1 2.05 5 2.5 5
36 42 70.88 35.44 16 8 16
42 43 28.52 14.26 31 15.5 31
43 44 34.72 17.36 14 7 14
33 44 9.92 4.96 4 2 4
41 46 3.36 1.68 4 2 4
45 46 16.38 8.19 7 3.5 7
42 45 4.65 2.33 5 2.5 5
32 138 27.69 13.85 13 6.5 13
47 138 44.1 22.05 49 24.5 49
47 48 20.9 10.45 10 5 10
47 49 13.28 6.64 8 4 8
49 50 73.2 36.6 30 15 30
50 51 9.72 4.86 12 6 12
51 52 9.72 4.86 12 6 12
52 139 19.92 9.96 24 12 24
48 139 21.84 10.92 24 12 24
53 54 9.3 4.65 10 5 10
54 55 7.12 3.56 4 2 4
55 56 46.06 23.03 49 24.5 49
56 57 18.4 9.2 20 10 20
57 58 35.6 17.8 40 20 40
58 59 28.62 14.31 18 9 18
44 59 13.5 6.75 15 7.5 15
59 60 151.2 75.6 35 17.5 35
58 60 27.59 13.79 31 15.5 31
48 60 22.49 11.24 13 6.5 13
56 61 23.52 11.76 14 7 14
61 62 6.44 3.22 7 3.5 7
62 63 7.47 3.73 9 4.5 9
63 64 12 6 15 7.5 15
55 64 24 12 30 15 30
61 65 30.34 15.17 37 18.5 37
65 66 30.03 15.02 33 16.5 33
66 67 14.67 7.33 9 4.5 9
66 68 8.56 4.28 4 2 4
68 69 6.88 3.44 8 4 8
69 70 7.29 3.65 9 4.5 9
68 70 5.16 2.58 6 3 6
70 71 7.83 3.92 9 4.5 9
71 72 14.76 7.38 18 9 18
71 73 12.75 6.38 15 7.5 15
72 73 4.25 2.12 5 2.5 5
43 72 29.52 14.76 36 18 36
70 74 29.16 14.58 36 18 36
74 75 94.47 47.23 47 23.5 47
73 75 24.84 12.42 27 13.5 27
75 76 23.6 11.8 10 5 10
45 76 13.6 6.8 16 8 16
76 77 12.6 6.3 15 7.5 15
77 78 10.8 5.4 12 6 12
78 79 9.96 4.98 12 6 12
78 80 7.38 3.69 9 4.5 9
79 80 9 4.5 10 5 10
79 81 13.92 6.96 16 8 16
81 82 8 4 10 5 10
80 82 14.96 7.48 17 8.5 17
81 83 12.35 6.17 13 6.5 13
82 83 44.46 22.23 18 9 18
83 84 9.4 4.7 10 5 10
84 85 41.2 20.6 20 10 20
85 86 3.6 1.8 4 2 4
85 87 28.38 14.19 33 16.5 33
87 88 13.16 6.58 14 7 14
87 89 10.44 5.22 12 6 12
89 90 5.6 2.8 7 3.5 7
67 89 61.64 30.82 67 33.5 67
65 90 55.89 27.95 69 34.5 69
88 91 8.8 4.4 10 5 10
81 91 21.84 10.92 26 13 26
83 91 24.94 12.47 29 14.5 29
63 92 24.08 12.04 28 14 28
62 92 21 10.5 25 12.5 25
92 93 15.47 7.74 17 8.5 17
93 94 42.63 21.32 49 24.5 49
94 95 6.88 3.44 8 4 8
95 96 60.01 30 17 8.5 17
96 97 5.61 2.81 3 1.5 3
95 98 8.4 4.2 10 5 10
96 98 69.19 34.59 37 18.5 37
98 99 30.69 15.35 33 16.5 33
93 99 15.13 7.57 17 8.5 17
93 100 8.76 4.38 4 2 4
65 100 22.68 11.34 28 14 28
100 101 39.1 19.55 17 8.5 17
101 102 36.54 18.27 42 21 42
90 102 42.93 21.46 27 13.5 27
101 103 19.53 9.77 21 10.5 21
103 104 5.22 2.61 6 3 6
104 105 12.15 6.08 15 7.5 15
105 106 22.96 11.48 28 14 28
106 107 23.5 11.75 25 12.5 25
105 107 34.96 17.48 38 19 38
107 108 96.82 48.41 103 51.5 103
106 109 6.4 3.2 8 4 8
109 110 6.23 3.12 7 3.5 7
109 111 20.41 10.21 13 6.5 13
106 111 12.35 6.17 13 6.5 13
111 112 3.2 1.6 4 2 4
102 112 41.4 20.7 46 23 46
112 113 11.16 5.58 12 6 12
113 114 31.68 15.84 36 18 36
114 115 8.5 4.25 10 5 10
0 115 30.96 15.48 18 9 18
115 116 17.29 8.64 19 9.5 19
114 116 17.6 8.8 20 10 20
1 116 14.4 7.2 16 8 16
116 117 40.18 20.09 49 24.5 49
116 118 22.32 11.16 24 12 24
118 119 34.44 17.22 14 7 14
113 117 102.08 51.04 58 29 58
90 117 32.2 16.1 35 17.5 35
117 120 15.13 7.57 17 8.5 17
119 120 13.6 6.8 16 8 16
120 121 7.28 3.64 8 4 8
86 121 13.2 6.6 15 7.5 15
121 122 12.9 6.45 15 7.5 15
122 123 24.36 12.18 29 14.5 29
119 122 27.52 13.76 32 16 32
122 124 26.24 13.12 32 16 32
3 123 56.28 28.14 67 33.5 67
123 125 9.57 4.79 11 5.5 11
125 126 13.35 6.67 15 7.5 15
126 127 18.48 9.24 22 11 22
2 127 37.31 18.66 41 20.5 41
127 128 18.86 9.43 23 11.5 23
126 128 17.49 8.74 11 5.5 11
125 129 62.65 31.32 35 17.5 35
125 130 47.58 23.79 26 13 26
130 131 11.1 5.55 5 2.5 5
131 132 12.53 6.26 7 3.5 7
132 133 18 9 10 5 10
132 134 44.08 22.04 19 9.5 19
133 134 11.76 5.88 14 7 14
133 135 25.42 12.71 31 15.5 31
135 136 24.65 12.32 29 14.5 29
135 137 23.7 11.85 5 2.5 5
130 137 73.79 36.9 47 23.5 47
124 137 17.2 8.6 20 10 20
54 139 12.6 6.3 14 7 14
53 139 16.92 8.46 18 9 18
10 26 47 23.5 50 25 50
57 69 34.1 17.05 11 5.5 11
