0 1 26.88 13.44 32 16 32
1 2 13.16 6.58 14 7 14
1 3 15.47 7.74 17 8.5 17
3 4 45.92 22.96 56 28 56
8 9 18.6 9.3 20 10 20
10 11 28.8 14.4 32 16 32
11 15 24.94 12.47 29 14.5 29
12 15 11.05 5.53 13 6.5 13
12 13 6.3 3.15 7 3.5 7
14 16 21.58 10.79 26 13 26
14 17 82.84 41.42 38 19 38
17 18 33.62 16.81 41 20.5 41
18 19 26.56 13.28 32 16 32
18 20 30.78 15.39 38 19 38
20 21 15.98 7.99 17 8.5 17
21 74 19.92 9.96 24 12 24
22 30 36.4 18.2 40 20 40
30 31 53.36 26.68 58 29 58
31 32 27.9 13.95 30 15 30
31 33 39.13 19.57 43 21.5 43
31 34 76.54 38.27 86 43 86
34 40 13.95 6.97 15 7.5 15
42 43 70.98 35.49 78 39 78
43 44 11.04 5.52 12 6 12
43 45 10.66 5.33 13 6.5 13
45 46 29.37 14.69 33 16.5 33
46 47 8.6 4.3 10 5 10
46 48 8.19 4.09 9 4.5 9
48 49 6.88 3.44 8 4 8
48 50 9.1 4.55 10 5 10
49 51 1.72 0.86 2 1 2
51 53 3.36 1.68 4 2 4
54 55 5.22 2.61 6 3 6
41 56 12.04 6.02 14 7 14
56 57 64.74 32.37 78 39 78
57 58 22.5 11.25 25 12.5 25
10 58 70.98 35.49 78 39 78
57 59 29.7 14.85 33 16.5 33
59 60 34.32 17.16 39 19.5 39
59 61 19.09 9.54 23 11.5 23
61 62 65.7 32.85 30 15 30
62 64 19.32 9.66 21 10.5 21
61 65 36.32 18.16 16 8 16
65 67 77.4 38.7 45 22.5 45
57 68 28.8 14.4 32 16 32
58 68 9.46 4.73 11 5.5 11
3 68 63 31.5 75 37.5 75
22 74 15.3 7.65 17 8.5 17
19 75 6.64 3.32 8 4 8
20 50 4.96 2.48 2 1 2
43 58 25.2 12.6 28 14 28
4 5 6.72 3.36 8 4 0
4 6 4.92 2.46 6 3 0
6 7 33.48 16.74 18 9 0
7 8 22.62 11.31 26 13 0
9 10 23.04 11.52 12 6 0
13 14 6.16 3.08 7 3.5 0
12 76 9.96 4.98 12 6 0
17 19 19.11 9.55 21 10.5 0
21 23 3.68 1.84 4 2 0
23 24 22.95 11.47 27 13.5 0
24 74 13.28 6.64 16 8 0
24 25 81.94 40.97 17 8.5 0
22 25 10.8 5.4 12 6 0
25 26 12.3 6.15 15 7.5 0
25 27 16.38 8.19 18 9 0
27 28 35.84 17.92 16 8 0
24 28 23.76 11.88 27 13.5 0
29 30 23.52 11.76 14 7 0
32 35 24.3 12.15 27 13.5 0
32 36 62.25 31.12 75 37.5 0
36 37 7.04 3.52 8 4 0
36 38 17.43 8.71 21 10.5 0
38 39 4.05 2.02 5 2.5 0
34 38 6.44 3.22 7 3.5 0
39 40 8.1 4.05 9 4.5 0
40 41 14.4 7.2 18 9 0
41 42 9.57 4.79 11 5.5 0
44 45 11.16 5.58 12 6 0
10 47 71.1 35.55 79 39.5 0
50 52 3.6 1.8 4 2 0
51 52 3.8 1.9 4 2 0
23 52 21.84 10.92 24 12 0
18 49 27.9 13.95 30 15 0
41 55 56.42 28.21 26 13 0
62 63 7.2 3.6 9 4.5 0
69 70 47.6 23.8 56 28 0
70 71 5.1 2.55 6 3 0
70 72 4.25 2.12 5 2.5 0
71 72 4.15 2.08 5 2.5 0
72 73 23.75 11.88 25 12.5 0
17 71 85.56 42.78 92 46 0
55 66 31.32 15.66 36 18 0
11 75 15.89 7.95 7 3.5 0
14 76 10.66 5.33 13 6.5 0
75 76 28.7 14.35 35 17.5 0
59 66 23.49 11.74 29 14.5 0
61 66 51.15 25.57 31 15.5 0
