0 1 28.16 14.08 32 16 32
1 2 26.6 13.3 14 7 14
1 3 15.13 7.57 17 8.5 17
3 4 49.28 24.64 56 28 56
4 6 4.86 2.43 6 3 6
6 7 14.4 7.2 18 9 18
7 8 24.7 12.35 26 13 26
8 9 16.2 8.1 20 10 20
10 11 30.08 15.04 32 16 32
11 15 27.26 13.63 29 14.5 29
12 15 25.35 12.68 13 6.5 13
12 13 6.3 3.15 7 3.5 7
14 16 59.8 29.9 26 13 26
14 17 34.58 17.29 38 19 38
17 18 84.87 42.44 41 20.5 41
18 19 28.16 14.08 32 16 32
18 20 35.72 17.86 38 19 38
20 21 14.79 7.39 17 8.5 17
21 74 20.64 10.32 24 12 24
21 23 7.76 3.88 4 2 4
23 24 21.87 10.94 27 13.5 27
24 74 36.32 18.16 16 8 16
24 25 15.13 7.57 17 8.5 17
22 25 10.08 5.04 12 6 12
25 26 13.95 6.97 15 7.5 15
25 27 15.66 7.83 18 9 18
24 28 24.57 12.29 27 13.5 27
22 30 68.8 34.4 40 20 40
30 31 272.6 136.3 58 29 58
31 32 27.3 13.65 30 15 30
31 33 76.54 38.27 43 21.5 43
31 34 79.12 39.56 86 43 86
32 35 24.3 12.15 27 13.5 27
34 40 13.8 6.9 15 7.5 15
42 43 180.18 90.09 78 39 78
43 44 10.56 5.28 12 6 12
43 45 11.57 5.79 13 6.5 13
45 46 27.06 13.53 33 16.5 33
46 47 8.5 4.25 10 5 10
46 48 17.01 8.51 9 4.5 9
48 49 19.52 9.76 8 4 8
48 50 8.5 4.25 10 5 10
49 51 1.64 0.82 2 1 2
50 52 3.28 1.64 4 2 4
51 52 3.48 1.74 4 2 4
51 53 9.52 4.76 4 2 4
23 52 20.88 10.44 24 12 24
18 49 115.8 57.9 30 15 30
54 55 13.14 6.57 6 3 6
41 56 12.46 6.23 14 7 14
56 57 74.1 37.05 78 39 78
57 58 41.75 20.88 25 12.5 25
10 58 65.52 32.76 78 39 78
57 59 63.69 31.84 33 16.5 33
59 60 90.09 45.05 39 19.5 39
59 61 19.78 9.89 23 11.5 23
61 62 26.7 13.35 30 15 30
62 63 15.93 7.96 9 4.5 9
62 64 48.51 24.25 21 10.5 21
61 65 13.44 6.72 16 8 16
65 67 42.3 21.15 45 22.5 45
57 68 29.12 14.56 32 16 32
58 68 9.9 4.95 11 5.5 11
3 68 117.75 58.88 75 37.5 75
70 72 9.35 4.67 5 2.5 5
71 72 4.3 2.15 5 2.5 5
72 73 47.25 23.62 25 12.5 25
17 71 79.12 39.56 92 46 92
22 74 13.6 6.8 17 8.5 17
19 75 13.44 6.72 8 4 8
20 50 1.66 0.83 2 1 2
43 58 26.32 13.16 28 14 28
4 5 12.88 6.44 8 4 0
9 10 10.08 5.04 12 6 0
13 14 6.02 3.01 7 3.5 0
12 76 10.92 5.46 12 6 0
17 19 52.29 26.14 21 10.5 0
27 28 12.96 6.48 16 8 0
29 30 50.54 25.27 14 7 0
32 36 67.5 33.75 75 37.5 0
36 37 6.64 3.32 8 4 0
36 38 78.54 39.27 21 10.5 0
38 39 8.25 4.12 5 2.5 0
34 38 6.09 3.04 7 3.5 0
39 40 8.55 4.28 9 4.5 0
40 41 16.38 8.19 18 9 0
41 42 26.4 13.2 11 5.5 0
44 45 11.28 5.64 12 6 0
10 47 72.68 36.34 79 39.5 0
41 55 110.76 55.38 26 13 0
69 70 52.08 26.04 56 28 0
70 71 14.16 7.08 6 3 0
55 66 28.8 14.4 36 18 0
11 75 6.3 3.15 7 3.5 0
14 76 21.71 10.86 13 6.5 0
75 76 64.05 32.02 35 17.5 0
59 66 26.68 13.34 29 14.5 0
61 66 66.96 33.48 31 15.5 0
