0 1 28.8 14.4 32 16 32
1 2 13.02 6.51 14 7 14
1 3 13.94 6.97 17 8.5 17
3 4 52.64 26.32 56 28 56
4 6 4.92 2.46 6 3 6
6 7 14.58 7.29 18 9 18
7 8 23.92 11.96 26 13 26
8 9 18.8 9.4 20 10 20
10 11 30.08 15.04 32 16 32
11 15 61.48 30.74 29 14.5 29
12 15 10.66 5.33 13 6.5 13
12 13 6.16 3.08 7 3.5 7
14 16 24.18 12.09 26 13 26
14 17 62.7 31.35 38 19 38
17 18 35.26 17.63 41 20.5 41
18 19 56.96 28.48 32 16 32
18 20 74.86 37.43 38 19 38
20 21 37.23 18.61 17 8.5 17
21 74 19.68 9.84 24 12 24
21 23 3.48 1.74 4 2 4
23 24 23.49 11.74 27 13.5 27
24 74 13.12 6.56 16 8 16
24 25 15.64 7.82 17 8.5 17
22 25 10.92 5.46 12 6 12
25 26 12.6 6.3 15 7.5 15
25 27 16.92 8.46 18 9 18
24 28 46.98 23.49 27 13.5 27
22 30 35.2 17.6 40 20 40
30 31 52.78 26.39 58 29 58
31 32 25.2 12.6 30 15 30
31 33 37.41 18.7 43 21.5 43
31 34 70.52 35.26 86 43 86
32 35 22.68 11.34 27 13.5 27
34 40 12.3 6.15 15 7.5 15
42 43 319.8 159.9 78 39 78
43 44 23.88 11.94 12 6 12
43 45 10.66 5.33 13 6.5 13
45 46 28.05 14.03 33 16.5 33
46 47 43.9 21.95 10 5 10
46 48 21.42 10.71 9 4.5 9
48 49 6.48 3.24 8 4 8
48 50 8.8 4.4 10 5 10
49 51 1.82 0.91 2 1 2
50 52 8.32 4.16 4 2 4
51 52 7.56 3.78 4 2 4
51 53 3.44 1.72 4 2 4
23 52 21.84 10.92 24 12 24
18 49 70.5 35.25 30 15 30
54 55 4.98 2.49 6 3 6
41 56 21.98 10.99 14 7 14
56 57 69.42 34.71 78 39 78
57 58 21.25 10.62 25 12.5 25
10 58 68.64 34.32 78 39 78
57 59 29.04 14.52 33 16.5 33
59 60 34.32 17.16 39 19.5 39
59 61 47.84 23.92 23 11.5 23
61 62 26.4 13.2 30 15 30
62 63 8.37 4.18 9 4.5 9
62 64 19.11 9.55 21 10.5 21
61 65 14.56 7.28 16 8 16
65 67 38.25 19.12 45 22.5 45
57 68 56.32 28.16 32 16 32
58 68 9.9 4.95 11 5.5 11
3 68 62.25 31.12 75 37.5 75
70 72 4.35 2.17 5 2.5 5
71 72 4.2 2.1 5 2.5 5
72 73 22.5 11.25 25 12.5 25
17 71 84.64 42.32 92 46 92
22 74 35.36 17.68 17 8.5 17
19 75 6.8 3.4 8 4 8
20 50 1.62 0.81 2 1 2
43 58 23.8 11.9 28 14 28
4 5 7.28 3.64 8 4 0
9 10 10.68 5.34 12 6 0
13 14 15.47 7.74 7 3.5 0
12 76 10.68 5.34 12 6 0
17 19 19.32 9.66 21 10.5 0
27 28 14.88 7.44 16 8 0
29 30 11.76 5.88 14 7 0
32 36 61.5 30.75 75 37.5 0
36 37 7.52 3.76 8 4 0
36 38 45.15 22.57 21 10.5 0
38 39 7.55 3.77 5 2.5 0
34 38 5.74 2.87 7 3.5 0
39 40 8.19 4.09 9 4.5 0
40 41 16.74 8.37 18 9 0
41 42 10.01 5 11 5.5 0
44 45 11.04 5.52 12 6 0
10 47 63.99 32 79 39.5 0
41 55 22.88 11.44 26 13 0
69 70 103.6 51.8 56 28 0
70 71 13.2 6.6 6 3 0
55 66 30.6 15.3 36 18 0
11 75 6.44 3.22 7 3.5 0
14 76 12.09 6.04 13 6.5 0
75 76 29.05 14.53 35 17.5 0
59 66 24.94 12.47 29 14.5 0
61 66 25.11 12.55 31 15.5 0
