0 1 77.76 38.88 32 16 32
1 2 12.88 6.44 14 7 14
1 3 13.94 6.97 17 8.5 17
3 4 48.72 24.36 56 28 56
4 6 4.86 2.43 6 3 6
6 7 32.76 16.38 18 9 18
7 8 21.84 10.92 26 13 26
8 9 17.4 8.7 20 10 20
10 11 30.08 15.04 32 16 32
11 15 60.32 30.16 29 14.5 29
12 15 11.57 5.79 13 6.5 13
12 13 5.6 2.8 7 3.5 7
14 16 24.18 12.09 26 13 26
14 17 34.2 17.1 38 19 38
17 18 67.24 33.62 41 20.5 41
18 19 28.16 14.08 32 16 32
18 20 32.68 16.34 38 19 38
20 21 16.15 8.07 17 8.5 17
21 74 22.32 11.16 24 12 24
21 23 3.24 1.62 4 2 4
23 24 49.68 24.84 27 13.5 27
24 74 40 20 16 8 16
24 25 15.64 7.82 17 8.5 17
22 25 11.16 5.58 12 6 12
25 26 29.85 14.93 15 7.5 15
25 27 15.48 7.74 18 9 18
24 28 22.68 11.34 27 13.5 27
22 30 76 38 40 20 40
30 31 228.52 114.26 58 29 58
31 32 25.5 12.75 30 15 30
31 33 38.7 19.35 43 21.5 43
31 34 143.62 71.81 86 43 86
32 35 22.14 11.07 27 13.5 27
34 40 13.2 6.6 15 7.5 15
42 43 341.64 170.82 78 39 78
43 44 10.92 5.46 12 6 12
43 45 47.84 23.92 13 6.5 13
45 46 27.39 13.7 33 16.5 33
46 47 8.7 4.35 10 5 10
46 48 7.56 3.78 9 4.5 9
48 49 6.56 3.28 8 4 8
48 50 20.1 10.05 10 5 10
49 51 1.66 0.83 2 1 2
50 52 3.52 1.76 4 2 4
51 52 18.56 9.28 4 2 4
51 53 3.36 1.68 4 2 4
23 52 19.44 9.72 24 12 24
18 49 27.3 13.65 30 15 30
54 55 11.94 5.97 6 3 6
41 56 30.66 15.33 14 7 14
56 57 70.2 35.1 78 39 78
57 58 20 10 25 12.5 25
10 58 63.18 31.59 78 39 78
57 59 29.37 14.69 33 16.5 33
59 60 35.1 17.55 39 19.5 39
59 61 18.63 9.31 23 11.5 23
61 62 24 12 30 15 30
62 63 8.19 4.09 9 4.5 9
62 64 42.63 21.32 21 10.5 21
61 65 15.04 7.52 16 8 16
65 67 39.15 19.57 45 22.5 45
57 68 61.44 30.72 32 16 32
58 68 9.9 4.95 11 5.5 11
3 68 62.25 31.12 75 37.5 75
70 72 9.25 4.62 5 2.5 5
71 72 4.45 2.23 5 2.5 5
72 73 21.5 10.75 25 12.5 25
17 71 83.72 41.86 92 46 92
22 74 36.72 18.36 17 8.5 17
19 75 17.2 8.6 8 4 8
20 50 3.36 1.68 2 1 2
43 58 44.52 22.26 28 14 28
4 5 6.96 3.48 8 4 0
9 10 21.6 10.8 12 6 0
13 14 6.51 3.25 7 3.5 0
12 76 10.32 5.16 12 6 0
17 19 17.43 8.71 21 10.5 0
27 28 70.88 35.44 16 8 0
29 30 22.54 11.27 14 7 0
32 36 66.75 33.38 75 37.5 0
36 37 6.56 3.28 8 4 0
36 38 18.69 9.35 21 10.5 0
38 39 4.5 2.25 5 2.5 0
34 38 5.88 2.94 7 3.5 0
39 40 15.93 7.96 9 4.5 0
40 41 15.66 7.83 18 9 0
41 42 23.54 11.77 11 5.5 0
44 45 11.16 5.58 12 6 0
10 47 74.26 37.13 79 39.5 0
41 55 57.72 28.86 26 13 0
69 70 46.48 23.24 56 28 0
70 71 14.46 7.23 6 3 0
55 66 161.28 80.64 36 18 0
11 75 5.81 2.9 7 3.5 0
14 76 27.82 13.91 13 6.5 0
75 76 81.55 40.77 35 17.5 0
59 66 24.36 12.18 29 14.5 0
61 66 25.73 12.87 31 15.5 0
