0 1 29.76 14.88 32 16 32
1 2 24.64 12.32 14 7 14
1 3 13.94 6.97 17 8.5 17
3 4 47.6 23.8 56 28 56
4 5 17.2 8.6 8 4 8
4 6 26.04 13.02 6 3 6
6 7 16.02 8.01 18 9 18
7 8 54.34 27.17 26 13 26
8 9 48.4 24.2 20 10 20
10 11 26.56 13.28 32 16 32
11 15 24.36 12.18 29 14.5 29
12 15 10.53 5.26 13 6.5 13
12 13 17.15 8.57 7 3.5 7
12 76 18.96 9.48 12 6 12
14 16 20.8 10.4 26 13 26
14 17 34.2 17.1 38 19 38
17 18 35.67 17.84 41 20.5 41
18 19 75.52 37.76 32 16 32
17 19 38.43 19.21 21 10.5 21
18 20 31.54 15.77 38 19 38
20 21 15.13 7.57 17 8.5 17
21 74 19.44 9.72 24 12 24
21 23 16.96 8.48 4 2 4
23 24 23.49 11.74 27 13.5 27
24 74 14.72 7.36 16 8 16
24 25 13.77 6.88 17 8.5 17
22 25 9.96 4.98 12 6 12
25 26 12.75 6.38 15 7.5 15
25 27 71.82 35.91 18 9 18
27 28 53.92 26.96 16 8 16
24 28 22.41 11.21 27 13.5 27
29 30 11.48 5.74 14 7 14
22 30 34.8 17.4 40 20 40
30 31 50.46 25.23 58 29 58
31 32 27.9 13.95 30 15 30
31 33 35.26 17.63 43 21.5 43
31 34 74.82 37.41 86 43 86
32 35 25.38 12.69 27 13.5 27
32 36 62.25 31.12 75 37.5 75
36 37 6.72 3.36 8 4 8
36 38 39.48 19.74 21 10.5 21
38 39 24 12 5 2.5 5
34 38 5.74 2.87 7 3.5 7
34 40 31.05 15.53 15 7.5 15
42 43 66.3 33.15 78 39 78
43 44 10.08 5.04 12 6 12
44 45 10.56 5.28 12 6 12
43 45 11.96 5.98 13 6.5 13
45 46 31.02 15.51 33 16.5 33
46 47 8.7 4.35 10 5 10
46 48 8.37 4.18 9 4.5 9
48 49 6.88 3.44 8 4 8
48 50 8.2 4.1 10 5 10
49 51 1.64 0.82 2 1 2
50 52 3.6 1.8 4 2 4
51 52 3.64 1.82 4 2 4
51 53 12.4 6.2 4 2 4
23 52 21.12 10.56 24 12 24
18 49 24.9 12.45 30 15 30
54 55 5.34 2.67 6 3 6
41 56 13.02 6.51 14 7 14
56 57 177.06 88.53 78 39 78
57 58 49.75 24.88 25 12.5 25
10 58 184.08 92.04 78 39 78
57 59 27.72 13.86 33 16.5 33
59 60 134.94 67.47 39 19.5 39
59 61 18.86 9.43 23 11.5 23
61 62 27.3 13.65 30 15 30
62 63 14.67 7.33 9 4.5 9
62 64 46.62 23.31 21 10.5 21
61 65 14.08 7.04 16 8 16
65 67 73.35 36.67 45 22.5 45
57 68 29.76 14.88 32 16 32
58 68 10.23 5.12 11 5.5 11
3 68 63.75 31.88 75 37.5 75
69 70 45.36 22.68 56 28 56
70 71 5.28 2.64 6 3 6
70 72 4.1 2.05 5 2.5 5
71 72 4.45 2.23 5 2.5 5
72 73 53 26.5 25 12.5 25
17 71 81.88 40.94 92 46 92
22 74 39.78 19.89 17 8.5 17
19 75 7.36 3.68 8 4 8
14 76 27.3 13.65 13 6.5 13
75 76 32.9 16.45 35 17.5 35
20 50 1.66 0.83 2 1 2
43 58 68.04 34.02 28 14 28
9 10 10.2 5.1 12 6 0
13 14 6.37 3.19 7 3.5 0
39 40 7.83 3.92 9 4.5 0
40 41 15.48 7.74 18 9 0
41 42 9.02 4.51 11 5.5 0
10 47 69.52 34.76 79 39.5 0
41 55 57.46 28.73 26 13 0
55 66 29.88 14.94 36 18 0
11 75 6.44 3.22 7 3.5 0
59 66 26.97 13.48 29 14.5 0
61 66 26.97 13.48 31 15.5 0
