0 1 62.08 31.04 32 16 32
1 2 11.76 5.88 14 7 14
1 3 15.47 7.74 17 8.5 17
3 4 48.16 24.08 56 28 56
4 5 7.12 3.56 8 4 8
4 6 5.16 2.58 6 3 6
6 7 15.66 7.83 18 9 18
7 8 22.36 11.18 26 13 26
8 9 16.4 8.2 20 10 20
10 11 111.36 55.68 32 16 32
11 15 23.49 11.74 29 14.5 29
12 15 11.57 5.79 13 6.5 13
12 13 6.51 3.25 7 3.5 7
12 76 10.08 5.04 12 6 12
14 16 62.4 31.2 26 13 26
14 17 77.14 38.57 38 19 38
17 18 79.54 39.77 41 20.5 41
18 19 75.2 37.6 32 16 32
17 19 18.06 9.03 21 10.5 21
18 20 32.3 16.15 38 19 38
20 21 15.3 7.65 17 8.5 17
21 74 55.92 27.96 24 12 24
21 23 8.52 4.26 4 2 4
23 24 21.6 10.8 27 13.5 27
24 74 14.88 7.44 16 8 16
24 25 14.11 7.05 17 8.5 17
22 25 10.92 5.46 12 6 12
25 26 12.45 6.22 15 7.5 15
25 27 16.2 8.1 18 9 18
27 28 15.2 7.6 16 8 16
24 28 25.65 12.82 27 13.5 27
29 30 21.56 10.78 14 7 14
22 30 34 17 40 20 40
30 31 50.46 25.23 58 29 58
31 32 73.8 36.9 30 15 30
31 33 38.7 19.35 43 21.5 43
31 34 68.8 34.4 86 43 86
32 35 22.95 11.47 27 13.5 27
32 36 62.25 31.12 75 37.5 75
36 37 7.6 3.8 8 4 8
36 38 17.01 8.51 21 10.5 21
38 39 4.35 2.17 5 2.5 5
34 38 6.51 3.25 7 3.5 7
34 40 29.85 14.93 15 7.5 15
42 43 67.86 33.93 78 39 78
43 44 11.04 5.52 12 6 12
44 45 25.56 12.78 12 6 12
43 45 11.18 5.59 13 6.5 13
45 46 81.84 40.92 33 16.5 33
46 47 9.4 4.7 10 5 10
46 48 20.88 10.44 9 4.5 9
48 49 14.16 7.08 8 4 8
48 50 9.1 4.55 10 5 10
49 51 4.24 2.12 2 1 2
50 52 3.44 1.72 4 2 4
51 52 3.32 1.66 4 2 4
51 53 3.72 1.86 4 2 4
23 52 36.48 18.24 24 12 24
18 49 25.2 12.6 30 15 30
54 55 5.22 2.61 6 3 6
41 56 12.88 6.44 14 7 14
56 57 67.86 33.93 78 39 78
57 58 22.25 11.12 25 12.5 25
10 58 73.32 36.66 78 39 78
57 59 27.39 13.7 33 16.5 33
59 60 81.51 40.76 39 19.5 39
59 61 55.2 27.6 23 11.5 23
61 62 26.1 13.05 30 15 30
62 63 8.28 4.14 9 4.5 9
62 64 18.27 9.13 21 10.5 21
61 65 30.4 15.2 16 8 16
65 67 42.3 21.15 45 22.5 45
57 68 28.16 14.08 32 16 32
58 68 9.35 4.67 11 5.5 11
3 68 71.25 35.62 75 37.5 75
69 70 52.08 26.04 56 28 56
70 71 9.96 4.98 6 3 6
70 72 4.7 2.35 5 2.5 5
71 72 4.55 2.27 5 2.5 5
72 73 59.5 29.75 25 12.5 25
17 71 86.48 43.24 92 46 92
22 74 14.28 7.14 17 8.5 17
19 75 14.72 7.36 8 4 8
14 76 10.92 5.46 13 6.5 13
75 76 31.85 15.93 35 17.5 35
20 50 3.56 1.78 2 1 2
43 58 22.4 11.2 28 14 28
9 10 10.44 5.22 12 6 0
13 14 5.81 2.9 7 3.5 0
39 40 7.2 3.6 9 4.5 0
40 41 14.58 7.29 18 9 0
41 42 9.02 4.51 11 5.5 0
10 47 71.89 35.95 79 39.5 0
41 55 21.32 10.66 26 13 0
55 66 72.36 36.18 36 18 0
11 75 6.3 3.15 7 3.5 0
59 66 24.94 12.47 29 14.5 0
61 66 25.42 12.71 31 15.5 0
