0 1 29.76 14.88 32 16 32
1 2 13.16 6.58 14 7 14
1 3 38.42 19.21 17 8.5 17
3 4 45.36 22.68 56 28 56
4 5 6.8 3.4 8 4 8
4 6 5.7 2.85 6 3 6
6 7 34.02 17.01 18 9 18
7 8 22.1 11.05 26 13 26
8 9 96.8 48.4 20 10 20
10 11 78.08 39.04 32 16 32
11 15 143.84 71.92 29 14.5 29
12 15 10.53 5.26 13 6.5 13
12 13 5.67 2.83 7 3.5 7
12 76 10.68 5.34 12 6 12
14 16 90.48 45.24 26 13 26
14 17 132.24 66.12 38 19 38
17 18 85.69 42.84 41 20.5 41
18 19 28.48 14.24 32 16 32
17 19 17.01 8.51 21 10.5 21
18 20 31.92 15.96 38 19 38
20 21 13.77 6.88 17 8.5 17
21 74 21.6 10.8 24 12 24
21 23 3.32 1.66 4 2 4
23 24 21.6 10.8 27 13.5 27
24 74 14.4 7.2 16 8 16
24 25 15.3 7.65 17 8.5 17
22 25 28.68 14.34 12 6 12
25 26 13.95 6.97 15 7.5 15
25 27 16.56 8.28 18 9 18
27 28 32.48 16.24 16 8 16
24 28 24.57 12.29 27 13.5 27
29 30 24.78 12.39 14 7 14
22 30 35.6 17.8 40 20 40
30 31 53.36 26.68 58 29 58
31 32 26.1 13.05 30 15 30
31 33 39.13 19.57 43 21.5 43
31 34 183.18 91.59 86 43 86
32 35 22.14 11.07 27 13.5 27
32 36 186.75 93.38 75 37.5 75
36 37 24.4 12.2 8 4 8
36 38 17.64 8.82 21 10.5 21
38 39 4.1 2.05 5 2.5 5
34 38 6.02 3.01 7 3.5 7
34 40 28.35 14.18 15 7.5 15
42 43 120.12 60.06 78 39 78
43 44 10.68 5.34 12 6 12
44 45 11.16 5.58 12 6 12
43 45 28.34 14.17 13 6.5 13
45 46 28.38 14.19 33 16.5 33
46 47 8.4 4.2 10 5 10
46 48 8.1 4.05 9 4.5 9
48 49 26.72 13.36 8 4 8
48 50 8.7 4.35 10 5 10
49 51 4.54 2.27 2 1 2
50 52 7.76 3.88 4 2 4
51 52 8.28 4.14 4 2 4
51 53 9.44 4.72 4 2 4
23 52 20.4 10.2 24 12 24
18 49 27.6 13.8 30 15 30
54 55 5.58 2.79 6 3 6
41 56 30.38 15.19 14 7 14
56 57 192.66 96.33 78 39 78
57 58 122.25 61.12 25 12.5 25
10 58 65.52 32.76 78 39 78
57 59 57.42 28.71 33 16.5 33
59 60 36.27 18.14 39 19.5 39
59 61 21.39 10.7 23 11.5 23
61 62 52.8 26.4 30 15 30
62 63 8.01 4 9 4.5 9
62 64 18.69 9.35 21 10.5 21
61 65 25.76 12.88 16 8 16
65 67 76.95 38.48 45 22.5 45
57 68 26.56 13.28 32 16 32
58 68 9.02 4.51 11 5.5 11
3 68 136.5 68.25 75 37.5 75
69 70 52.64 26.32 56 28 56
70 71 5.34 2.67 6 3 6
70 72 4.15 2.08 5 2.5 5
71 72 4.2 2.1 5 2.5 5
72 73 22.75 11.38 25 12.5 25
17 71 76.36 38.18 92 46 92
22 74 13.77 6.88 17 8.5 17
19 75 7.04 3.52 8 4 8
14 76 11.18 5.59 13 6.5 13
75 76 29.05 14.53 35 17.5 35
20 50 3.92 1.96 2 1 2
43 58 60.2 30.1 28 14 28
9 10 10.2 5.1 12 6 0
13 14 6.09 3.04 7 3.5 0
39 40 34.2 17.1 9 4.5 0
40 41 35.82 17.91 18 9 0
41 42 10.01 5 11 5.5 0
10 47 66.36 33.18 79 39.5 0
41 55 24.44 12.22 26 13 0
55 66 34.2 17.1 36 18 0
11 75 13.51 6.75 7 3.5 0
59 66 60.32 30.16 29 14.5 0
61 66 49.6 24.8 31 15.5 0
