0 7 8.46 5.92 9 6.3 8.73 6.11 1
0 8 8.16 5.71 4 2.8 6.08 4.26 2
0 9 11.83 8.28 13 9.1 12.42 8.69 1
0 10 9.84 6.89 12 8.4 10.92 7.64 2
1 0 10.45 7.31 11 7.7 10.72 7.5 1
1 2 13.8 9.66 15 10.5 14.4 10.08 1
1 3 15.48 10.84 18 12.6 16.74 11.72 2
1 4 6.64 4.65 8 5.6 7.32 5.12 2
2 3 16.08 11.26 8 5.6 12.04 8.43 2
2 7 15.48 10.84 18 12.6 16.74 11.72 2
2 8 5.16 3.61 6 4.2 5.58 3.91 1
3 0 13.3 9.31 7 4.9 10.15 7.1 1
3 5 8.8 6.16 10 7 9.4 6.58 2
3 10 13.77 9.64 17 11.9 15.38 10.77 1
4 0 7.83 5.48 9 6.3 8.42 5.89 2
4 5 61.95 43.37 15 10.5 38.48 26.94 1
5 10 6.69 4.68 3 2.1 4.84 3.39 2
6 1 4.98 3.49 6 4.2 5.49 3.84 1
6 3 10.45 7.31 11 7.7 10.72 7.5 2
6 4 4.75 3.32 5 3.5 4.88 3.42 1
7 8 12.32 8.62 14 9.8 13.16 9.21 2
7 11 9.15 6.41 5 3.5 7.08 4.96 1
8 9 18.05 12.63 19 13.3 18.52 12.96 1
9 11 1.68 1.18 2 1.4 1.84 1.29 2
10 11 6.02 4.21 7 4.9 6.51 4.56 1
