0 1 7.92 5.54 4 2.8 5.96 4.17 8
0 2 4.74 3.32 1 0.7 2.87 2.01 1
0 3 2.49 1.74 3 2.1 2.75 1.92 3
0 4 5.4 3.78 6 4.2 5.7 3.99 2
0 5 5.1 3.57 6 4.2 5.55 3.88 7
0 6 1.78 1.25 2 1.4 1.89 1.32 2
0 7 0.94 0.66 1 0.7 0.97 0.68 3
1 2 2.58 1.81 3 2.1 2.79 1.95 8
1 3 5.22 3.65 6 4.2 5.61 3.93 1
1 4 3.6 2.52 4 2.8 3.8 2.66 1
1 5 1.88 1.32 2 1.4 1.94 1.36 1
1 6 5.28 3.7 6 4.2 5.64 3.95 2
1 7 14.12 9.88 4 2.8 9.06 6.34 5
2 3 6.23 4.36 7 4.9 6.62 4.63 7
2 4 2.73 1.91 3 2.1 2.87 2.01 3
2 5 3.52 2.46 4 2.8 3.76 2.63 6
2 6 12.8 8.96 8 5.6 10.4 7.28 8
2 7 3.98 2.79 2 1.4 2.99 2.09 1
3 4 5.1 3.57 6 4.2 5.55 3.88 1
3 5 1.64 1.15 2 1.4 1.82 1.27 2
3 6 3.64 2.55 4 2.8 3.82 2.67 1
3 7 0.93 0.65 1 0.7 0.97 0.68 4
4 5 21.06 14.74 6 4.2 13.53 9.47 7
4 6 3.32 2.32 2 1.4 2.66 1.86 3
4 7 7.2 5.04 8 5.6 7.6 5.32 8
5 6 14.56 10.19 8 5.6 11.28 7.9 6
5 7 4.95 3.46 3 2.1 3.97 2.78 8
6 7 5.81 4.07 7 4.9 6.41 4.49 7
