0 1 11.83 8.28 13 9.1 12.42 8.69 1
0 3 15.98 11.19 17 11.9 16.49 11.54 1
0 6 16.72 11.7 19 13.3 17.86 12.5 1
0 9 42.56 29.79 19 13.3 30.78 21.55 1
0 11 9.76 6.83 4 2.8 6.88 4.82 1
1 2 14.94 10.46 18 12.6 16.47 11.53 1
1 3 7.92 5.54 9 6.3 8.46 5.92 1
1 8 1.68 1.18 2 1.4 1.84 1.29 1
2 3 33.2 23.24 20 14 26.6 18.62 1
2 4 4.05 2.83 5 3.5 4.53 3.17 1
4 5 6.44 4.51 7 4.9 6.72 4.7 1
4 10 16.8 11.76 20 14 18.4 12.88 1
4 11 26.18 18.33 11 7.7 18.59 13.01 1
5 6 6.88 4.82 4 2.8 5.44 3.81 1
5 11 2.52 1.76 3 2.1 2.76 1.93 1
6 7 6.56 4.59 8 5.6 7.28 5.1 1
6 11 41.58 29.11 18 12.6 29.79 20.85 1
7 9 6.81 4.77 3 2.1 4.91 3.44 1
7 10 8.2 5.74 10 7 9.1 6.37 1
8 9 40 28 16 11.2 28 19.6 1
8 10 34.72 24.3 14 9.8 24.36 17.05 1
9 10 10.32 7.22 12 8.4 11.16 7.81 1
