0 1 0.83 0.58 1 0.7 0.92 0.64 1
0 2 1.68 1.18 2 1.4 1.84 1.29 3
0 3 6.51 4.56 7 4.9 6.76 4.73 5
0 4 3.36 2.35 2 1.4 2.68 1.88 4
0 5 4.55 3.18 5 3.5 4.78 3.35 8
0 6 7.8 5.46 4 2.8 5.9 4.13 3
1 2 5.04 3.53 6 4.2 5.52 3.86 5
1 3 3.72 2.6 4 2.8 3.86 2.7 8
1 4 2.21 1.55 1 0.7 1.6 1.12 1
1 5 6.51 4.56 7 4.9 6.76 4.73 5
1 6 16.31 11.42 7 4.9 11.66 8.16 6
2 3 7.28 5.1 8 5.6 7.64 5.35 2
2 4 0.93 0.65 1 0.7 0.97 0.68 5
2 5 4.3 3.01 5 3.5 4.65 3.25 2
2 6 11.2 7.84 7 4.9 9.1 6.37 7
3 4 3.68 2.58 4 2.8 3.84 2.69 3
3 5 7.24 5.07 4 2.8 5.62 3.93 2
3 6 9.42 6.59 6 4.2 7.71 5.4 4
4 5 5.74 4.02 7 4.9 6.37 4.46 5
4 6 4.35 3.04 5 3.5 4.68 3.28 3
5 6 7.29 5.1 3 2.1 5.15 3.6 7
