0 1 1.95 1.36 1 0.7 1.48 1.04 2
0 2 2.01 1.41 1 0.7 1.5 1.05 3
0 3 1.96 1.37 1 0.7 1.48 1.04 4
0 4 1.79 1.25 1 0.7 1.4 0.98 5
0 5 2.12 1.48 1 0.7 1.56 1.09 6
0 6 0.81 0.57 1 0.7 0.91 0.64 7
1 2 1.74 1.22 2 1.4 1.87 1.31 3
1 3 1.78 1.25 2 1.4 1.89 1.32 4
1 4 1.82 1.27 2 1.4 1.91 1.34 5
1 5 1.88 1.32 2 1.4 1.94 1.36 6
1 6 9.5 6.65 2 1.4 5.75 4.02 7
2 3 2.64 1.85 3 2.1 2.82 1.97 4
2 4 2.7 1.89 3 2.1 2.85 1.99 5
2 5 12.33 8.63 3 2.1 7.67 5.37 6
2 6 2.64 1.85 3 2.1 2.82 1.97 7
3 4 3.64 2.55 4 2.8 3.82 2.67 5
3 5 3.56 2.49 4 2.8 3.78 2.65 6
3 6 9.6 6.72 4 2.8 6.8 4.76 7
4 5 4.3 3.01 5 3.5 4.65 3.25 6
4 6 11 7.7 5 3.5 8 5.6 7
5 6 4.98 3.49 6 4.2 5.49 3.84 7
