0 7 7.47 5.23 9 6.3 8.23 5.76 4
0 8 7.56 5.29 4 2.8 5.78 4.05 6
0 9 10.92 7.64 13 9.1 11.96 8.37 1
0 10 26.88 18.82 12 8.4 19.44 13.61 3
1 0 8.91 6.24 11 7.7 9.96 6.97 9
1 2 12.45 8.71 15 10.5 13.73 9.61 1
1 3 15.84 11.09 18 12.6 16.92 11.84 5
1 4 6.96 4.87 8 5.6 7.48 5.24 4
1 21 1.68 1.18 2 1.4 1.84 1.29 6
2 3 6.96 4.87 8 5.6 7.48 5.24 1
2 7 17.1 11.97 18 12.6 17.55 12.29 6
2 8 4.8 3.36 6 4.2 5.4 3.78 5
2 20 1.7 1.19 2 1.4 1.85 1.29 1
3 0 5.88 4.12 7 4.9 6.44 4.51 7
3 5 9.4 6.58 10 7 9.7 6.79 5
3 10 13.77 9.64 17 11.9 15.38 10.77 4
4 0 22.32 15.62 9 6.3 15.66 10.96 9
4 5 13.2 9.24 15 10.5 14.1 9.87 4
4 13 1.76 1.23 2 1.4 1.88 1.32 3
5 10 2.73 1.91 3 2.1 2.87 2.01 5
5 14 1.68 1.18 2 1.4 1.84 1.29 2
6 1 4.92 3.44 6 4.2 5.46 3.82 8
6 3 10.45 7.31 11 7.7 10.72 7.5 5
6 4 4.25 2.97 5 3.5 4.62 3.23 3
6 12 1.66 1.16 2 1.4 1.83 1.28 1
7 8 12.6 8.82 14 9.8 13.3 9.31 9
7 11 4.2 2.94 5 3.5 4.6 3.22 2
7 19 1.76 1.23 2 1.4 1.88 1.32 8
8 9 16.72 11.7 19 13.3 17.86 12.5 3
8 18 1.62 1.13 2 1.4 1.81 1.27 7
9 11 4.06 2.84 2 1.4 3.03 2.12 7
9 17 7.12 4.98 2 1.4 4.56 3.19 8
10 11 12.95 9.06 7 4.9 9.97 6.98 6
10 15 1.8 1.26 2 1.4 1.9 1.33 2
11 16 1.76 1.23 2 1.4 1.88 1.32 9
12 13 4.4 3.08 5 3.5 4.7 3.29 7
12 21 11.16 7.81 6 4.2 8.58 6.01 2
13 14 13.35 9.34 15 10.5 14.18 9.93 9
14 15 2.67 1.87 3 2.1 2.83 1.98 3
15 16 6.44 4.51 7 4.9 6.72 4.7 6
16 17 4.42 3.09 2 1.4 3.21 2.25 8
17 18 17.48 12.24 19 13.3 18.24 12.77 3
18 19 5.64 3.95 6 4.2 5.82 4.07 2
19 20 5.04 3.53 6 4.2 5.52 3.86 8
20 21 13.8 9.66 15 10.5 14.4 10.08 7
