0 1 4.15 2.91 5 3.5 4.58 3.21 7
0 2 21.49 15.04 7 4.9 14.25 9.97 12
0 3 17.7 12.39 10 7 13.85 9.69 15
0 4 17.86 12.5 19 13.3 18.43 12.9 1
1 2 14.88 10.42 16 11.2 15.44 10.81 13
1 5 6.4 4.48 8 5.6 7.2 5.04 8
1 6 8.37 5.86 9 6.3 8.69 6.08 16
1 7 12.32 8.62 14 9.8 13.16 9.21 7
2 5 10.23 7.16 11 7.7 10.62 7.43 3
3 4 10.01 7.01 11 7.7 10.51 7.36 15
3 9 56.16 39.31 26 18.2 41.08 28.76 8
3 10 25.5 17.85 30 21 27.75 19.42 16
4 9 4.83 3.38 3 2.1 3.92 2.74 11
5 9 10.92 7.64 13 9.1 11.96 8.37 14
5 11 36.72 25.7 17 11.9 26.86 18.8 4
6 8 26.4 18.48 30 21 28.2 19.74 3
7 8 17.1 11.97 18 12.6 17.55 12.29 1
7 11 18.06 12.64 21 14.7 19.53 13.67 5
8 12 15.36 10.75 8 5.6 11.68 8.18 9
9 10 12.6 8.82 15 10.5 13.8 9.66 14
10 11 16.91 11.84 19 13.3 17.96 12.57 15
10 12 10.68 7.48 12 8.4 11.34 7.94 1
11 12 29.4 20.58 14 9.8 21.7 15.19 14
