0 1 0.81 0.57 1 0.7 0.91 0.64 2
0 2 2.05 1.43 1 0.7 1.52 1.06 3
0 3 4.3 3.01 1 0.7 2.65 1.85 4
0 4 0.89 0.62 1 0.7 0.95 0.66 5
0 5 0.83 0.58 1 0.7 0.92 0.64 6
0 6 0.83 0.58 1 0.7 0.92 0.64 7
0 7 0.85 0.59 1 0.7 0.93 0.65 8
1 2 1.72 1.2 2 1.4 1.86 1.3 3
1 3 1.6 1.12 2 1.4 1.8 1.26 4
1 4 6.08 4.26 2 1.4 4.04 2.83 5
1 5 1.9 1.33 2 1.4 1.95 1.36 6
1 6 1.68 1.18 2 1.4 1.84 1.29 7
1 7 1.76 1.23 2 1.4 1.88 1.32 8
2 3 2.79 1.95 3 2.1 2.9 2.03 4
2 4 6.24 4.37 3 2.1 4.62 3.23 5
2 5 7.41 5.19 3 2.1 5.21 3.65 6
2 6 2.82 1.97 3 2.1 2.91 2.04 7
2 7 11.19 7.83 3 2.1 7.1 4.97 8
3 4 3.48 2.44 4 2.8 3.74 2.62 5
3 5 3.24 2.27 4 2.8 3.62 2.53 6
3 6 6.4 4.48 4 2.8 5.2 3.64 7
3 7 3.24 2.27 4 2.8 3.62 2.53 8
4 5 4.4 3.08 5 3.5 4.7 3.29 6
4 6 4.4 3.08 5 3.5 4.7 3.29 7
4 7 4.45 3.11 5 3.5 4.73 3.31 8
5 6 5.1 3.57 6 4.2 5.55 3.88 7
5 7 5.28 3.7 6 4.2 5.64 3.95 8
6 7 5.88 4.12 7 4.9 6.44 4.51 8
