0 4 5.88 4.12 7 4.9 6.44 4.51 12
0 5 14.76 10.33 18 12.6 16.38 11.47 2
0 6 3.28 2.3 4 2.8 3.64 2.55 13
0 7 19.44 13.61 24 16.8 21.72 15.2 12
0 8 10.01 7.01 11 7.7 10.51 7.36 16
1 0 36 25.2 15 10.5 25.5 17.85 13
1 2 4.45 3.11 5 3.5 4.73 3.31 11
1 4 10.56 7.39 12 8.4 11.28 7.9 7
1 7 44.33 31.03 13 9.1 28.66 20.06 13
2 0 31.36 21.95 8 5.6 19.68 13.78 16
2 5 0.95 0.66 1 0.7 0.97 0.68 7
2 6 8.6 6.02 10 7 9.3 6.51 5
2 7 99.36 69.55 24 16.8 61.68 43.18 3
3 0 4.92 3.44 6 4.2 5.46 3.82 13
3 1 2.43 1.7 3 2.1 2.71 1.9 4
3 2 23.52 16.46 28 19.6 25.76 18.03 7
3 4 1.64 1.15 2 1.4 1.82 1.27 15
4 5 17.2 12.04 20 14 18.6 13.02 9
4 6 34.02 23.81 42 29.4 38.01 26.61 5
4 8 11.04 7.73 12 8.4 11.52 8.06 5
5 6 7.56 5.29 9 6.3 8.28 5.8 8
5 8 21.32 14.92 13 9.1 17.16 12.01 3
6 7 38.88 27.22 16 11.2 27.44 19.21 9
6 8 118.8 83.16 60 42 89.4 62.58 3
6 9 10.1 7.07 5 3.5 7.55 5.28 14
7 8 47.08 32.96 22 15.4 34.54 24.18 7
7 9 206.91 144.84 99 69.3 152.95 107.06 8
8 9 17.8 12.46 20 14 18.9 13.23 5
