0 1 0.84 0.59 1 0.7 0.92 0.64 6
0 2 5.95 4.17 7 4.9 6.48 4.54 3
0 4 6.72 4.7 8 5.6 7.36 5.15 2
0 5 5.4 3.78 6 4.2 5.7 3.99 4
0 6 2.49 1.74 3 2.1 2.75 1.92 3
0 7 1.78 1.25 2 1.4 1.89 1.32 5
0 8 3.48 2.44 4 2.8 3.74 2.62 6
0 9 1.8 1.26 2 1.4 1.9 1.33 4
0 10 0.92 0.64 1 0.7 0.96 0.67 8
1 2 0.9 0.63 1 0.7 0.95 0.66 7
1 3 1.88 1.32 2 1.4 1.94 1.36 8
1 4 3.28 2.3 4 2.8 3.64 2.55 5
1 5 9.84 6.89 4 2.8 6.92 4.84 3
1 7 0.82 0.57 1 0.7 0.91 0.64 7
1 8 5.34 3.74 6 4.2 5.67 3.97 1
2 4 5.1 3.57 6 4.2 5.55 3.88 9
2 5 19.08 13.36 9 6.3 14.04 9.83 2
2 9 2.58 1.81 3 2.1 2.79 1.95 1
2 10 5.4 3.78 6 4.2 5.7 3.99 7
3 6 7.28 5.1 8 5.6 7.64 5.35 1
3 7 17.01 11.91 9 6.3 13 9.1 9
3 8 14.32 10.02 8 5.6 11.16 7.81 6
4 6 3.64 2.55 4 2.8 3.82 2.67 4
5 6 14.88 10.42 8 5.6 11.44 8.01 6
5 8 9.36 6.55 4 2.8 6.68 4.68 4
5 9 10.57 7.4 7 4.9 8.79 6.15 7
5 10 2.4 1.68 3 2.1 2.7 1.89 1
6 7 4.92 3.44 3 2.1 3.96 2.77 5
6 8 4.8 3.36 6 4.2 5.4 3.78 1
6 9 2.46 1.72 3 2.1 2.73 1.91 7
6 10 1.74 1.22 2 1.4 1.87 1.31 1
7 9 0.86 0.6 1 0.7 0.93 0.65 2
8 9 6.44 4.51 7 4.9 6.72 4.7 9
