0 1 0.9 0.63 1 0.7 0.95 0.66 7
0 2 6.23 4.36 7 4.9 6.62 4.63 1
0 3 0.94 0.66 1 0.7 0.97 0.68 4
0 4 2.7 1.89 3 2.1 2.85 1.99 9
0 5 2.7 1.89 3 2.1 2.85 1.99 7
0 6 6.84 4.79 2 1.4 4.42 3.09 8
0 7 0.87 0.61 1 0.7 0.94 0.66 4
0 8 1.72 1.2 2 1.4 1.86 1.3 1
0 9 4.6 3.22 2 1.4 3.3 2.31 5
0 10 0.82 0.57 1 0.7 0.91 0.64 8
1 2 4.25 2.97 5 3.5 4.62 3.23 7
1 3 3.52 2.46 1 0.7 2.26 1.58 6
1 4 6.8 4.76 8 5.6 7.4 5.18 6
1 5 0.85 0.59 1 0.7 0.93 0.65 5
1 6 12.12 8.48 3 2.1 7.56 5.29 4
1 7 5.88 4.12 7 4.9 6.44 4.51 9
1 8 6.64 4.65 8 5.6 7.32 5.12 9
1 9 5.81 4.07 7 4.9 6.41 4.49 7
1 10 4.94 3.46 2 1.4 3.47 2.43 8
2 3 6.51 4.56 7 4.9 6.76 4.73 6
2 4 1.85 1.29 1 0.7 1.43 1 2
2 5 3.56 2.49 4 2.8 3.78 2.65 1
2 6 3.67 2.57 1 0.7 2.33 1.63 4
2 7 23.55 16.48 5 3.5 14.28 10 5
2 8 3.36 2.35 4 2.8 3.68 2.58 7
2 9 1.72 1.2 2 1.4 1.86 1.3 6
2 10 4.32 3.02 2 1.4 3.16 2.21 1
3 4 1.82 1.27 2 1.4 1.91 1.34 1
3 5 0.83 0.58 1 0.7 0.92 0.64 1
3 6 4.05 2.83 5 3.5 4.53 3.17 6
3 7 6.09 4.26 7 4.9 6.54 4.58 5
3 8 5.34 3.74 6 4.2 5.67 3.97 1
3 9 1.9 1.33 2 1.4 1.95 1.36 8
3 10 3.48 2.44 4 2.8 3.74 2.62 9
4 5 6.8 4.76 8 5.6 7.4 5.18 4
4 6 4.05 2.83 5 3.5 4.53 3.17 1
4 7 9.48 6.64 4 2.8 6.74 4.72 3
4 8 6.88 4.82 8 5.6 7.44 5.21 5
4 9 11.64 8.15 6 4.2 8.82 6.17 3
4 10 5.95 4.17 7 4.9 6.48 4.54 1
5 6 24.85 17.39 5 3.5 14.92 10.44 7
5 7 2.85 1.99 3 2.1 2.92 2.04 8
5 8 5.34 3.74 6 4.2 5.67 3.97 3
5 9 5.22 3.65 6 4.2 5.61 3.93 2
5 10 3.28 2.3 4 2.8 3.64 2.55 2
6 7 1.8 1.26 2 1.4 1.9 1.33 2
6 8 1.79 1.25 1 0.7 1.4 0.98 8
6 9 5.1 3.57 6 4.2 5.55 3.88 1
6 10 8.96 6.27 4 2.8 6.48 4.54 3
7 8 3.32 2.32 4 2.8 3.66 2.56 8
7 9 4.05 2.83 5 3.5 4.53 3.17 8
7 10 14.52 10.16 6 4.2 10.26 7.18 4
8 9 3.6 2.52 4 2.8 3.8 2.66 5
8 10 5.95 4.17 7 4.9 6.48 4.54 6
9 10 3.36 2.35 4 2.8 3.68 2.58 4
