0 2 3.18 2.23 2 1.4 2.59 1.81 8
0 3 2.7 1.89 3 2.1 2.85 1.99 1
0 4 3.56 2.49 4 2.8 3.78 2.65 1
0 6 0.84 0.59 1 0.7 0.92 0.64 7
0 7 7.74 5.42 9 6.3 8.37 5.86 8
0 8 0.85 0.59 1 0.7 0.93 0.65 1
1 4 4.8 3.36 6 4.2 5.4 3.78 5
1 8 1.86 1.3 2 1.4 1.93 1.35 4
2 6 6.51 4.56 7 4.9 6.76 4.73 1
2 9 25.06 17.54 7 4.9 16.03 11.22 4
3 6 3.48 2.44 4 2.8 3.74 2.62 1
3 7 7.83 5.48 9 6.3 8.42 5.89 1
3 8 5.22 3.65 6 4.2 5.61 3.93 9
4 5 5.81 4.07 7 4.9 6.41 4.49 9
4 6 4.2 2.94 2 1.4 3.1 2.17 3
4 7 6.88 4.82 8 5.6 7.44 5.21 7
4 10 5.88 4.12 7 4.9 6.44 4.51 6
6 7 2.67 1.87 3 2.1 2.83 1.98 5
6 9 3.56 2.49 4 2.8 3.78 2.65 7
6 10 8.04 5.63 4 2.8 6.02 4.21 9
7 8 12.04 8.43 7 4.9 9.52 6.66 3
7 9 1.88 1.32 2 1.4 1.94 1.36 7
