0 1 10.92 7.64 13 9.1 11.96 8.37 1
0 3 14.96 10.47 17 11.9 15.98 11.19 1
0 6 35.72 25 19 13.3 27.36 19.15 1
0 8 9.68 6.78 11 7.7 10.34 7.24 1
0 9 39.52 27.66 19 13.3 29.26 20.48 1
0 11 6.24 4.37 4 2.8 5.12 3.58 1
1 2 16.92 11.84 18 12.6 17.46 12.22 1
1 3 8.01 5.61 9 6.3 8.51 5.96 1
1 8 1.64 1.15 2 1.4 1.82 1.27 1
2 3 17.6 12.32 20 14 18.8 13.16 1
2 4 4.35 3.04 5 3.5 4.68 3.28 1
3 11 4.6 3.22 5 3.5 4.8 3.36 1
4 5 6.51 4.56 7 4.9 6.76 4.73 1
4 10 17 11.9 20 14 18.5 12.95 1
4 11 23.98 16.79 11 7.7 17.49 12.24 1
5 6 3.32 2.32 4 2.8 3.66 2.56 1
5 7 11.76 8.23 14 9.8 12.88 9.02 1
5 11 13.35 9.34 3 2.1 8.18 5.73 1
6 7 6.48 4.54 8 5.6 7.24 5.07 1
6 9 8.55 5.99 9 6.3 8.78 6.15 1
6 11 14.4 10.08 18 12.6 16.2 11.34 1
7 9 2.82 1.97 3 2.1 2.91 2.04 1
7 10 9 6.3 10 7 9.5 6.65 1
8 9 14.88 10.42 16 11.2 15.44 10.81 1
8 10 30.24 21.17 14 9.8 22.12 15.48 1
9 10 10.92 7.64 12 8.4 11.46 8.02 1
