0 1 59.28 41.5 13 9.1 36.14 25.3 1
0 3 14.45 10.11 17 11.9 15.73 11.01 1
0 5 3.44 2.41 4 2.8 3.72 2.6 1
0 6 16.72 11.7 19 13.3 17.86 12.5 1
0 9 58.33 40.83 19 13.3 38.67 27.07 1
1 2 16.02 11.21 18 12.6 17.01 11.91 1
1 3 7.92 5.54 9 6.3 8.46 5.92 1
1 8 4.12 2.88 2 1.4 3.06 2.14 1
2 3 45.4 31.78 20 14 32.7 22.89 1
2 4 4.3 3.01 5 3.5 4.65 3.25 1
4 5 9.57 6.7 11 7.7 10.29 7.2 1
4 10 17.2 12.04 20 14 18.6 13.02 1
6 5 16.38 11.47 18 12.6 17.19 12.03 1
6 7 6.56 4.59 8 5.6 7.28 5.1 1
7 9 2.79 1.95 3 2.1 2.9 2.03 1
7 10 30.6 21.42 10 7 20.3 14.21 1
8 9 14.24 9.97 16 11.2 15.12 10.58 1
8 10 11.9 8.33 14 9.8 12.95 9.06 1
9 10 10.08 7.06 12 8.4 11.04 7.73 1
