0 1 43.94 30.76 13 9.1 28.47 19.93 1
0 3 15.81 11.07 17 11.9 16.41 11.49 1
0 6 30.97 21.68 19 13.3 24.98 17.49 1
0 9 16.91 11.84 19 13.3 17.96 12.57 1
0 11 3.48 2.44 4 2.8 3.74 2.62 1
1 2 33.48 23.44 18 12.6 25.74 18.02 1
1 3 7.38 5.17 9 6.3 8.19 5.73 1
1 8 1.86 1.3 2 1.4 1.93 1.35 1
2 3 16.4 11.48 20 14 18.2 12.74 1
2 4 4.4 3.08 5 3.5 4.7 3.29 1
2 12 20.9 14.63 22 15.4 21.45 15.01 1
3 12 5.52 3.86 6 4.2 5.76 4.03 1
4 5 6.37 4.46 7 4.9 6.69 4.68 1
4 10 47.6 33.32 20 14 33.8 23.66 1
4 11 18.59 13.01 11 7.7 14.79 10.35 1
4 12 14.45 10.11 17 11.9 15.73 11.01 1
5 6 3.2 2.24 4 2.8 3.6 2.52 1
5 11 6.99 4.89 3 2.1 5 3.5 1
6 7 7.36 5.15 8 5.6 7.68 5.38 1
6 11 16.74 11.72 18 12.6 17.37 12.16 1
7 9 2.82 1.97 3 2.1 2.91 2.04 1
7 10 22.3 15.61 10 7 16.15 11.3 1
8 9 13.92 9.74 16 11.2 14.96 10.47 1
8 10 11.62 8.13 14 9.8 12.81 8.97 1
9 10 11.28 7.9 12 8.4 11.64 8.15 1
11 12 16.91 11.84 19 13.3 17.96 12.57 1
