0 1 10.4 7.28 13 9.1 11.7 8.19 1
0 3 13.77 9.64 17 11.9 15.38 10.77 1
0 6 30.4 21.28 19 13.3 24.7 17.29 1
0 9 31.54 22.08 19 13.3 25.27 17.69 1
0 11 7.32 5.12 4 2.8 5.66 3.96 1
1 2 14.76 10.33 18 12.6 16.38 11.47 1
1 3 33.39 23.37 9 6.3 21.2 14.84 1
1 8 4.6 3.22 2 1.4 3.3 2.31 1
2 3 17.4 12.18 20 14 18.7 13.09 1
2 4 4 2.8 5 3.5 4.5 3.15 1
2 10 50.16 35.11 22 15.4 36.08 25.26 1
3 10 19.26 13.48 6 4.2 12.63 8.84 1
4 5 6.51 4.56 7 4.9 6.76 4.73 1
4 10 27.54 19.28 17 11.9 22.27 15.59 1
4 11 10.01 7.01 11 7.7 10.51 7.36 1
5 6 3.24 2.27 4 2.8 3.62 2.53 1
5 11 2.73 1.91 3 2.1 2.87 2.01 1
6 7 7.52 5.26 8 5.6 7.76 5.43 1
6 11 27.9 19.53 18 12.6 22.95 16.06 1
7 9 7.17 5.02 3 2.1 5.08 3.56 1
8 9 14.4 10.08 16 11.2 15.2 10.64 1
11 10 43.7 30.59 19 13.3 31.35 21.95 1
