0 1 11.96 8.37 13 9.1 12.48 8.74 1
0 3 13.94 9.76 17 11.9 15.47 10.83 1
0 6 15.39 10.77 19 13.3 17.2 12.04 1
0 9 40.85 28.59 19 13.3 29.93 20.95 1
0 10 15.3 10.71 17 11.9 16.15 11.3 1
0 11 3.68 2.58 4 2.8 3.84 2.69 1
1 2 16.2 11.34 18 12.6 17.1 11.97 1
1 3 28.71 20.1 9 6.3 18.85 13.2 1
1 8 1.7 1.19 2 1.4 1.85 1.29 1
2 3 17.8 12.46 20 14 18.9 13.23 1
2 4 4.55 3.18 5 3.5 4.78 3.35 1
4 10 19 13.3 20 14 19.5 13.65 1
4 11 10.23 7.16 11 7.7 10.62 7.43 1
5 6 8.44 5.91 4 2.8 6.22 4.35 1
5 10 6.9 4.83 3 2.1 4.95 3.46 1
6 7 6.72 4.7 8 5.6 7.36 5.15 1
6 11 17.1 11.97 18 12.6 17.55 12.29 1
7 9 2.79 1.95 3 2.1 2.9 2.03 1
7 10 8.2 5.74 10 7 9.1 6.37 1
8 9 33.6 23.52 16 11.2 24.8 17.36 1
8 10 11.34 7.94 14 9.8 12.67 8.87 1
9 10 9.72 6.8 12 8.4 10.86 7.6 1
