0 2 14.28 10 7 4.9 10.64 7.45 8
0 14 6.56 4.59 8 5.6 7.28 5.1 5
0 16 4.05 2.83 5 3.5 4.53 3.17 8
0 18 0.88 0.62 1 0.7 0.94 0.66 7
0 23 5.46 3.82 6 4.2 5.73 4.01 1
0 26 6.37 4.46 7 4.9 6.69 4.68 4
1 0 2.52 1.76 3 2.1 2.76 1.93 2
1 11 0.93 0.65 1 0.7 0.97 0.68 9
2 3 6.44 4.51 7 4.9 6.72 4.7 4
2 5 12.6 8.82 4 2.8 8.3 5.81 3
2 7 12.66 8.86 6 4.2 9.33 6.53 8
3 4 1.8 1.26 2 1.4 1.9 1.33 9
3 5 6.58 4.61 7 4.9 6.79 4.75 9
3 9 0.82 0.57 1 0.7 0.91 0.64 4
3 11 1.54 1.08 1 0.7 1.27 0.89 2
3 18 2.67 1.87 3 2.1 2.83 1.98 1
4 5 1.88 1.32 2 1.4 1.94 1.36 9
4 8 2.73 1.91 3 2.1 2.87 2.01 3
5 6 2.58 1.81 3 2.1 2.79 1.95 1
5 7 5.46 3.82 6 4.2 5.73 4.01 4
5 8 5.52 3.86 6 4.2 5.76 4.03 9
5 9 4.54 3.18 2 1.4 3.27 2.29 8
6 10 13.5 9.45 6 4.2 9.75 6.82 7
7 8 5.46 3.82 6 4.2 5.73 4.01 5
7 23 1.62 1.13 2 1.4 1.81 1.27 3
7 26 0.9 0.63 1 0.7 0.95 0.66 2
9 10 11.95 8.36 5 3.5 8.47 5.93 5
11 12 3.32 2.32 4 2.8 3.66 2.56 2
11 18 1.68 1.18 2 1.4 1.84 1.29 1
12 13 3.2 2.24 4 2.8 3.6 2.52 1
12 14 3.36 2.35 4 2.8 3.68 2.58 7
13 15 39.69 27.78 9 6.3 24.34 17.04 3
13 17 3.38 2.37 2 1.4 2.69 1.88 9
13 19 4.2 2.94 5 3.5 4.6 3.22 5
13 20 8.8 6.16 5 3.5 6.9 4.83 5
14 16 2.73 1.91 3 2.1 2.87 2.01 7
14 19 7.04 4.93 8 5.6 7.52 5.26 2
15 16 20.07 14.05 9 6.3 14.54 10.18 1
17 20 1.82 1.27 2 1.4 1.91 1.34 9
17 24 2.61 1.83 3 2.1 2.81 1.97 7
19 20 0.91 0.64 1 0.7 0.96 0.67 8
20 21 6.96 4.87 8 5.6 7.48 5.24 2
20 22 6.02 4.21 7 4.9 6.51 4.56 6
20 24 25.44 17.81 8 5.6 16.72 11.7 4
21 22 2.43 1.7 1 0.7 1.72 1.2 6
21 24 7.5 5.25 3 2.1 5.25 3.67 4
22 23 4.3 3.01 5 3.5 4.65 3.25 9
22 25 7.17 5.02 3 2.1 5.08 3.56 2
23 26 4 2.8 5 3.5 4.5 3.15 9
24 25 3.64 2.55 4 2.8 3.82 2.67 1
25 26 2.67 1.87 3 2.1 2.83 1.98 8
