0 4 5.88 4.12 7 4.9 12
0 5 14.76 10.33 18 12.6 2
0 6 3.28 2.3 4 2.8 13
0 7 19.44 13.61 24 16.8 12
0 8 10.01 7.01 11 7.7 16
1 0 13.95 9.76 15 10.5 13
1 2 4.45 3.11 5 3.5 11
1 4 10.56 7.39 12 8.4 7
1 7 44.33 31.03 13 9.1 13
2 0 31.36 21.95 8 5.6 16
2 5 0.95 0.66 1 0.7 7
2 6 8.6 6.02 10 7 5
2 7 99.36 69.55 24 16.8 3
3 0 4.92 3.44 6 4.2 13
3 1 2.43 1.7 3 2.1 4
3 2 23.52 16.46 28 19.6 7
3 4 1.64 1.15 2 1.4 15
4 5 17.2 12.04 20 14 9
4 6 34.02 23.81 42 29.4 5
4 8 11.04 7.73 12 8.4 5
5 6 7.56 5.29 9 6.3 8
5 8 10.66 7.46 13 9.1 3
6 7 38.88 27.22 16 11.2 9
6 8 52.2 36.54 60 42 3
6 9 10.1 7.07 5 3.5 14
7 8 47.08 32.96 22 15.4 7
7 9 88.11 61.68 99 69.3 8
8 9 17.8 12.46 20 14 5
