4 5 21.06 14.74 26 18.2 26
5 7 9.2 6.44 10 7 10
7 8 34.41 24.09 37 25.9 37
7 10 76.8 53.76 48 33.6 48
10 11 75.25 52.67 25 17.5 25
11 12 10.56 7.39 12 8.4 12
12 13 16.2 11.34 18 12.6 18
19 21 9.1 6.37 10 7 10
19 23 27.39 19.17 33 23.1 33
23 24 8.3 5.81 10 7 10
24 26 43.32 30.32 19 13.3 19
26 27 12.18 8.53 6 4.2 6
27 28 4.3 3.01 5 3.5 5
27 29 22.5 15.75 5 3.5 5
29 31 46.48 32.54 28 19.6 28
10 32 20.4 14.28 24 16.8 24
33 138 42.63 29.84 49 34.3 49
35 36 16.6 11.62 20 14 20
35 37 120.75 84.52 25 17.5 25
37 38 4.98 3.49 6 4.2 6
38 39 17.1 11.97 18 12.6 18
36 42 29.76 20.83 16 11.2 16
42 43 28.21 19.75 31 21.7 31
43 44 22.96 16.07 14 9.8 14
33 44 3.28 2.3 4 2.8 4
42 45 18.95 13.26 5 3.5 5
32 138 26.39 18.47 13 9.1 13
47 48 9 6.3 10 7 10
48 139 43.44 30.41 24 16.8 24
53 54 15.4 10.78 10 7 10
54 55 19.08 13.36 4 2.8 4
61 62 6.37 4.46 7 4.9 7
62 63 7.47 5.23 9 6.3 9
63 64 26.25 18.38 15 10.5 15
61 65 74 51.8 37 25.9 37
65 66 122.1 85.47 33 23.1 33
66 67 8.19 5.73 9 6.3 9
66 68 8.64 6.05 4 2.8 4
68 70 5.04 3.53 6 4.2 6
70 71 8.01 5.61 9 6.3 9
71 72 43.2 30.24 18 12.6 18
43 72 30.6 21.42 36 25.2 36
45 76 15.04 10.53 16 11.2 16
76 77 30 21 15 10.5 15
77 78 9.84 6.89 12 8.4 12
78 79 10.56 7.39 12 8.4 12
79 81 31.36 21.95 16 11.2 16
81 83 11.57 8.1 13 9.1 13
83 84 9.2 6.44 10 7 10
84 85 38.8 27.16 20 14 20
85 86 8.44 5.91 4 2.8 4
94 95 6.56 4.59 8 5.6 8
95 96 14.62 10.23 17 11.9 17
96 97 2.64 1.85 3 2.1 3
101 103 17.64 12.35 21 14.7 21
103 104 5.4 3.78 6 4.2 6
104 105 57.3 40.11 15 10.5 15
105 106 124.32 87.02 28 19.6 28
106 107 21.75 15.22 25 17.5 25
107 108 235.87 165.11 103 72.1 103
106 109 7.6 5.32 8 5.6 8
109 110 6.37 4.46 7 4.9 7
109 111 10.79 7.55 13 9.1 13
106 111 55.12 38.58 13 9.1 13
111 112 15.52 10.86 4 2.8 4
112 113 10.2 7.14 12 8.4 12
0 115 16.2 11.34 18 12.6 18
115 116 15.39 10.77 19 13.3 19
1 116 14.72 10.3 16 11.2 16
116 118 101.52 71.06 24 16.8 24
113 117 53.94 37.76 58 40.6 58
123 125 9.13 6.39 11 7.7 11
125 129 30.8 21.56 35 24.5 35
54 139 12.74 8.92 14 9.8 14
10 26 47 32.9 50 35 50
5 6 50.61 35.43 21 14.7 0
8 9 10.2 7.14 12 8.4 0
9 14 11.18 7.83 13 9.1 0
14 15 6.8 4.76 8 5.6 0
14 16 11.83 8.28 13 9.1 0
12 16 5.64 3.95 6 4.2 0
12 15 18.72 13.1 12 8.4 0
16 17 18.72 13.1 8 5.6 0
17 18 5.4 3.78 6 4.2 0
9 18 54.88 38.42 28 19.6 0
11 19 27.2 19.04 34 23.8 0
19 20 49.3 34.51 58 40.6 0
20 22 106.15 74.3 55 38.5 0
22 23 104.72 73.3 56 39.2 0
24 25 39.84 27.89 48 33.6 0
22 25 18.8 13.16 20 14 0
29 30 38.54 26.98 41 28.7 0
25 30 10.92 7.64 12 8.4 0
28 32 43.68 30.58 52 36.4 0
33 34 136.29 95.4 59 41.3 0
34 35 9.36 6.55 4 2.8 0
34 36 13.6 9.52 17 11.9 0
39 40 10.68 7.48 12 8.4 0
37 40 23.5 16.45 10 7 0
40 46 163.35 114.34 99 69.3 0
36 41 37.4 26.18 17 11.9 0
41 42 4.75 3.32 5 3.5 0
41 46 3.56 2.49 4 2.8 0
45 46 6.51 4.56 7 4.9 0
47 138 121.03 84.72 49 34.3 0
47 49 7.52 5.26 8 5.6 0
49 50 24.6 17.22 30 21 0
50 51 23.4 16.38 12 8.4 0
51 52 10.68 7.48 12 8.4 0
52 139 46.8 32.76 24 16.8 0
55 56 40.67 28.47 49 34.3 0
56 57 18 12.6 20 14 0
57 58 35.2 24.64 40 28 0
58 59 32.04 22.43 18 12.6 0
44 59 13.2 9.24 15 10.5 0
59 60 85.75 60.02 35 24.5 0
58 60 27.59 19.31 31 21.7 0
48 60 11.05 7.74 13 9.1 0
56 61 12.74 8.92 14 9.8 0
55 64 99 69.3 30 21 0
68 69 7.2 5.04 8 5.6 0
69 70 7.74 5.42 9 6.3 0
71 73 29.1 20.37 15 10.5 0
72 73 4.2 2.94 5 3.5 0
70 74 33.84 23.69 36 25.2 0
74 75 38.54 26.98 47 32.9 0
73 75 23.22 16.25 27 18.9 0
75 76 17 11.9 10 7 0
78 80 8.55 5.99 9 6.3 0
79 80 9 6.3 10 7 0
81 82 21.5 15.05 10 7 0
80 82 33.83 23.68 17 11.9 0
82 83 15.66 10.96 18 12.6 0
85 87 31.02 21.71 33 23.1 0
87 88 63.42 44.39 14 9.8 0
87 89 37.8 26.46 12 8.4 0
89 90 28.56 19.99 7 4.9 0
67 89 54.94 38.46 67 46.9 0
65 90 64.17 44.92 69 48.3 0
88 91 24.1 16.87 10 7 0
81 91 127.66 89.36 26 18.2 0
83 91 47.56 33.29 29 20.3 0
63 92 66.64 46.65 28 19.6 0
62 92 52 36.4 25 17.5 0
92 93 14.79 10.35 17 11.9 0
93 94 39.69 27.78 49 34.3 0
95 98 8 5.6 10 7 0
96 98 71.41 49.99 37 25.9 0
98 99 28.71 20.1 33 23.1 0
93 99 13.77 9.64 17 11.9 0
93 100 13.12 9.18 4 2.8 0
65 100 45.08 31.56 28 19.6 0
100 101 15.47 10.83 17 11.9 0
101 102 94.5 66.15 42 29.4 0
90 102 24.3 17.01 27 18.9 0
105 107 30.78 21.55 38 26.6 0
102 112 97.98 68.59 46 32.2 0
113 114 33.84 23.69 36 25.2 0
114 115 23.1 16.17 10 7 0
114 116 18.2 12.74 20 14 0
116 117 41.16 28.81 49 34.3 0
118 119 34.72 24.3 14 9.8 0
90 117 29.4 20.58 35 24.5 0
117 120 14.79 10.35 17 11.9 0
119 120 36.16 25.31 16 11.2 0
120 121 18.72 13.1 8 5.6 0
86 121 48.45 33.91 15 10.5 0
121 122 12.15 8.5 15 10.5 0
122 123 25.23 17.66 29 20.3 0
119 122 26.24 18.37 32 22.4 0
122 124 30.08 21.06 32 22.4 0
3 123 59.63 41.74 67 46.9 0
125 126 13.65 9.55 15 10.5 0
126 127 18.7 13.09 22 15.4 0
2 127 191.88 134.32 41 28.7 0
127 128 20.01 14.01 23 16.1 0
126 128 9.13 6.39 11 7.7 0
125 130 47.32 33.12 26 18.2 0
130 131 4.5 3.15 5 3.5 0
131 132 30.31 21.22 7 4.9 0
132 133 39.6 27.72 10 7 0
132 134 17.29 12.1 19 13.3 0
133 134 34.72 24.3 14 9.8 0
133 135 28.21 19.75 31 21.7 0
135 136 139.78 97.85 29 20.3 0
135 137 10.7 7.49 5 3.5 0
130 137 43.24 30.27 47 32.9 0
124 137 33.4 23.38 20 14 0
53 139 14.4 10.08 18 12.6 0
57 69 9.46 6.62 11 7.7 0
