4 5 21.58 15.11 26 18.2 26
5 7 9.5 6.65 10 7 10
7 8 33.67 23.57 37 25.9 37
7 10 43.68 30.58 48 33.6 48
10 11 49.75 34.82 25 17.5 25
11 12 9.96 6.97 12 8.4 12
12 13 31.5 22.05 18 12.6 18
19 21 24.9 17.43 10 7 10
19 23 30.03 21.02 33 23.1 33
23 24 8.1 5.67 10 7 10
24 26 16.34 11.44 19 13.3 19
26 27 13.02 9.11 6 4.2 6
27 28 4.4 3.08 5 3.5 5
27 29 8.25 5.77 5 3.5 5
29 31 88.76 62.13 28 19.6 28
10 32 20.16 14.11 24 16.8 24
33 138 40.18 28.13 49 34.3 49
35 36 17.2 12.04 20 14 20
35 37 21.75 15.22 25 17.5 25
37 38 11.04 7.73 6 4.2 6
38 39 16.2 11.34 18 12.6 18
36 42 15.04 10.53 16 11.2 16
42 43 70.99 49.69 31 21.7 31
43 44 26.04 18.23 14 9.8 14
33 44 8.16 5.71 4 2.8 4
42 45 8.25 5.77 5 3.5 5
32 138 10.53 7.37 13 9.1 13
47 48 24.5 17.15 10 7 10
48 139 22.32 15.62 24 16.8 24
53 54 32.9 23.03 10 7 10
54 55 3.64 2.55 4 2.8 4
61 62 11.69 8.18 7 4.9 7
62 63 7.47 5.23 9 6.3 9
63 64 12.9 9.03 15 10.5 15
61 65 34.41 24.09 37 25.9 37
65 66 30.69 21.48 33 23.1 33
66 67 19.26 13.48 9 6.3 9
66 68 3.52 2.46 4 2.8 4
68 70 13.98 9.79 6 4.2 6
70 71 40.32 28.22 9 6.3 9
71 72 14.76 10.33 18 12.6 18
43 72 29.88 20.92 36 25.2 36
45 76 14.88 10.42 16 11.2 16
76 77 27.75 19.42 15 10.5 15
77 78 9.96 6.97 12 8.4 12
78 79 9.72 6.8 12 8.4 12
79 81 15.2 10.64 16 11.2 16
81 83 10.53 7.37 13 9.1 13
83 84 22 15.4 10 7 10
84 85 34.4 24.08 20 14 20
85 86 3.64 2.55 4 2.8 4
94 95 6.96 4.87 8 5.6 8
95 96 34.68 24.28 17 11.9 17
96 97 11.22 7.85 3 2.1 3
101 103 39.9 27.93 21 14.7 21
103 104 9.48 6.64 6 4.2 6
104 105 26.55 18.59 15 10.5 15
105 106 23.8 16.66 28 19.6 28
106 107 60.75 42.52 25 17.5 25
107 108 90.64 63.45 103 72.1 103
106 109 7.36 5.15 8 5.6 8
109 110 16.38 11.47 7 4.9 7
109 111 12.09 8.46 13 9.1 13
106 111 58.11 40.68 13 9.1 13
111 112 3.68 2.58 4 2.8 4
112 113 9.96 6.97 12 8.4 12
0 115 28.26 19.78 18 12.6 18
115 116 15.77 11.04 19 13.3 19
1 116 13.92 9.74 16 11.2 16
116 118 21.84 15.29 24 16.8 24
113 117 129.92 90.94 58 40.6 58
123 125 21.67 15.17 11 7.7 11
125 129 31.5 22.05 35 24.5 35
54 139 12.32 8.62 14 9.8 14
10 26 40.5 28.35 50 35 50
5 6 17.22 12.05 21 14.7 0
8 9 10.56 7.39 12 8.4 0
9 14 11.96 8.37 13 9.1 0
14 15 6.96 4.87 8 5.6 0
14 16 11.31 7.92 13 9.1 0
12 16 5.22 3.65 6 4.2 0
12 15 10.8 7.56 12 8.4 0
16 17 6.64 4.65 8 5.6 0
17 18 11.82 8.27 6 4.2 0
9 18 22.68 15.88 28 19.6 0
11 19 29.92 20.94 34 23.8 0
19 20 125.86 88.1 58 40.6 0
20 22 50.05 35.03 55 38.5 0
22 23 139.44 97.61 56 39.2 0
24 25 40.8 28.56 48 33.6 0
22 25 18 12.6 20 14 0
29 30 37.31 26.12 41 28.7 0
25 30 10.92 7.64 12 8.4 0
28 32 108.68 76.08 52 36.4 0
33 34 50.74 35.52 59 41.3 0
34 35 3.64 2.55 4 2.8 0
34 36 37.23 26.06 17 11.9 0
39 40 29.04 20.33 12 8.4 0
37 40 8.4 5.88 10 7 0
40 46 93.06 65.14 99 69.3 0
36 41 13.94 9.76 17 11.9 0
41 42 4.6 3.22 5 3.5 0
41 46 9.44 6.61 4 2.8 0
45 46 5.74 4.02 7 4.9 0
47 138 176.4 123.48 49 34.3 0
47 49 31.84 22.29 8 5.6 0
49 50 27 18.9 30 21 0
50 51 23.76 16.63 12 8.4 0
51 52 28.08 19.66 12 8.4 0
52 139 50.64 35.45 24 16.8 0
55 56 45.08 31.56 49 34.3 0
56 57 17.8 12.46 20 14 0
57 58 97.2 68.04 40 28 0
58 59 15.3 10.71 18 12.6 0
44 59 12.75 8.92 15 10.5 0
59 60 33.25 23.27 35 24.5 0
58 60 57.97 40.58 31 21.7 0
48 60 21.32 14.92 13 9.1 0
56 61 32.9 23.03 14 9.8 0
55 64 26.4 18.48 30 21 0
68 69 6.72 4.7 8 5.6 0
69 70 7.74 5.42 9 6.3 0
71 73 32.4 22.68 15 10.5 0
72 73 11.85 8.29 5 3.5 0
70 74 75.24 52.67 36 25.2 0
74 75 41.83 29.28 47 32.9 0
73 75 48.06 33.64 27 18.9 0
75 76 8 5.6 10 7 0
78 80 8.55 5.99 9 6.3 0
79 80 8.4 5.88 10 7 0
81 82 17.8 12.46 10 7 0
80 82 15.47 10.83 17 11.9 0
82 83 40.68 28.48 18 12.6 0
85 87 29.37 20.56 33 23.1 0
87 88 11.62 8.13 14 9.8 0
87 89 20.88 14.62 12 8.4 0
89 90 6.51 4.56 7 4.9 0
67 89 154.1 107.87 67 46.9 0
65 90 146.28 102.4 69 48.3 0
88 91 8.9 6.23 10 7 0
81 91 21.32 14.92 26 18.2 0
83 91 69.89 48.92 29 20.3 0
63 92 57.96 40.57 28 19.6 0
62 92 56.25 39.38 25 17.5 0
92 93 28.56 19.99 17 11.9 0
93 94 41.16 28.81 49 34.3 0
95 98 9.3 6.51 10 7 0
96 98 33.67 23.57 37 25.9 0
98 99 67.32 47.12 33 23.1 0
93 99 80.75 56.52 17 11.9 0
93 100 3.68 2.58 4 2.8 0
65 100 24.36 17.05 28 19.6 0
100 101 32.81 22.97 17 11.9 0
101 102 162.96 114.07 42 29.4 0
90 102 21.6 15.12 27 18.9 0
105 107 76.38 53.47 38 26.6 0
102 112 71.76 50.23 46 32.2 0
113 114 32.4 22.68 36 25.2 0
114 115 23.9 16.73 10 7 0
114 116 18 12.6 20 14 0
116 117 45.57 31.9 49 34.3 0
118 119 24.92 17.44 14 9.8 0
90 117 33.25 23.27 35 24.5 0
117 120 37.74 26.42 17 11.9 0
119 120 12.8 8.96 16 11.2 0
120 121 7.04 4.93 8 5.6 0
86 121 13.35 9.34 15 10.5 0
121 122 12.45 8.71 15 10.5 0
122 123 26.1 18.27 29 20.3 0
119 122 26.56 18.59 32 22.4 0
122 124 27.84 19.49 32 22.4 0
3 123 109.88 76.92 67 46.9 0
125 126 71.55 50.08 15 10.5 0
126 127 82.72 57.9 22 15.4 0
2 127 70.93 49.65 41 28.7 0
127 128 21.62 15.13 23 16.1 0
126 128 54.56 38.19 11 7.7 0
125 130 21.84 15.29 26 18.2 0
130 131 4.25 2.97 5 3.5 0
131 132 5.74 4.02 7 4.9 0
132 133 9.3 6.51 10 7 0
132 134 15.96 11.17 19 13.3 0
133 134 29.12 20.38 14 9.8 0
133 135 26.66 18.66 31 21.7 0
135 136 23.49 16.44 29 20.3 0
135 137 4.3 3.01 5 3.5 0
130 137 88.83 62.18 47 32.9 0
124 137 17.6 12.32 20 14 0
53 139 14.58 10.21 18 12.6 0
57 69 10.12 7.08 11 7.7 0
