0 1 25.92 18.14 32 22.4 32
1 2 11.48 8.04 14 9.8 14
1 3 57.29 40.1 17 11.9 17
3 4 116.48 81.54 56 39.2 56
4 5 15.52 10.86 8 5.6 8
4 6 12.78 8.95 6 4.2 6
6 7 41.58 29.11 18 12.6 18
7 8 56.16 39.31 26 18.2 26
8 9 47.4 33.18 20 14 20
9 10 10.08 7.06 12 8.4 12
10 11 29.76 20.83 32 22.4 32
11 15 23.78 16.65 29 20.3 29
12 15 29.38 20.57 13 9.1 13
12 13 5.81 4.07 7 4.9 7
13 14 6.51 4.56 7 4.9 7
12 76 18 12.6 12 8.4 12
14 16 59.28 41.5 26 18.2 26
14 17 33.44 23.41 38 26.6 38
17 18 35.67 24.97 41 28.7 41
18 19 108.16 75.71 32 22.4 32
17 19 41.16 28.81 21 14.7 21
18 20 34.2 23.94 38 26.6 38
20 21 30.09 21.06 17 11.9 17
21 74 36.72 25.7 24 16.8 24
21 23 3.48 2.44 4 2.8 4
23 24 60.75 42.52 27 18.9 27
24 74 13.44 9.41 16 11.2 16
24 25 42.33 29.63 17 11.9 17
22 25 20.88 14.62 12 8.4 12
25 26 46.35 32.45 15 10.5 15
25 27 16.56 11.59 18 12.6 18
27 28 13.12 9.18 16 11.2 16
24 28 24.3 17.01 27 18.9 27
29 30 24.36 17.05 14 9.8 14
22 30 88 61.6 40 28 40
30 31 47.56 33.29 58 40.6 58
31 32 26.4 18.48 30 21 30
31 33 35.26 24.68 43 30.1 43
31 34 79.12 55.38 86 60.2 86
32 35 23.22 16.25 27 18.9 27
32 36 64.5 45.15 75 52.5 75
36 37 7.52 5.26 8 5.6 8
36 38 19.11 13.38 21 14.7 21
38 39 10.45 7.31 5 3.5 5
34 38 27.51 19.26 7 4.9 7
34 40 28.05 19.63 15 10.5 15
39 40 14.04 9.83 9 6.3 9
40 41 34.92 24.44 18 12.6 18
41 42 10.45 7.31 11 7.7 11
42 43 70.2 49.14 78 54.6 78
43 44 10.2 7.14 12 8.4 12
44 45 28.44 19.91 12 8.4 12
43 45 11.96 8.37 13 9.1 13
45 46 26.4 18.48 33 23.1 33
46 47 8.5 5.95 10 7 10
10 47 71.1 49.77 79 55.3 79
46 48 7.92 5.54 9 6.3 9
48 49 13.44 9.41 8 5.6 8
48 50 22.4 15.68 10 7 10
49 51 1.74 1.22 2 1.4 2
50 52 8.52 5.96 4 2.8 4
51 52 3.44 2.41 4 2.8 4
51 53 3.6 2.52 4 2.8 4
23 52 56.16 39.31 24 16.8 24
18 49 60.3 42.21 30 21 30
54 55 9.6 6.72 6 4.2 6
41 55 24.18 16.93 26 18.2 26
41 56 25.9 18.13 14 9.8 14
56 57 193.44 135.41 78 54.6 78
57 58 39 27.3 25 17.5 25
10 58 71.76 50.23 78 54.6 78
57 59 81.84 57.29 33 23.1 33
59 60 31.98 22.39 39 27.3 39
59 61 20.7 14.49 23 16.1 23
61 62 28.2 19.74 30 21 30
62 63 8.01 5.61 9 6.3 9
62 64 38.01 26.61 21 14.7 21
61 65 13.6 9.52 16 11.2 16
65 67 102.6 71.82 45 31.5 45
57 68 29.76 20.83 32 22.4 32
58 68 16.83 11.78 11 7.7 11
3 68 285 199.5 75 52.5 75
69 70 48.72 34.1 56 39.2 56
70 71 13.5 9.45 6 4.2 6
70 72 7.55 5.28 5 3.5 5
71 72 7.7 5.39 5 3.5 5
72 73 20.5 14.35 25 17.5 25
17 71 87.4 61.18 92 64.4 92
55 66 74.16 51.91 36 25.2 36
22 74 15.64 10.95 17 11.9 17
11 75 14.77 10.34 7 4.9 7
19 75 18.32 12.82 8 5.6 8
14 76 11.57 8.1 13 9.1 13
75 76 78.4 54.88 35 24.5 35
20 50 1.62 1.13 2 1.4 2
43 58 24.36 17.05 28 19.6 28
59 66 144.42 101.09 29 20.3 29
61 66 27.28 19.1 31 21.7 31
