4 5 21.06 14.74 26 18.2 26
5 7 8.7 6.09 10 7 10
7 8 34.04 23.83 37 25.9 37
7 10 158.88 111.22 48 33.6 48
10 11 87.25 61.07 25 17.5 25
11 12 10.32 7.22 12 8.4 12
12 13 38.34 26.84 18 12.6 18
12 15 55.56 38.89 12 8.4 12
9 18 64.12 44.88 28 19.6 28
11 19 72.76 50.93 34 23.8 34
19 20 46.4 32.48 58 40.6 58
19 21 8.7 6.09 10 7 10
19 23 26.73 18.71 33 23.1 33
22 23 45.36 31.75 56 39.2 56
23 24 18.4 12.88 10 7 10
24 25 90.72 63.5 48 33.6 48
24 26 30.97 21.68 19 13.3 19
26 27 4.98 3.49 6 4.2 6
27 28 4.6 3.22 5 3.5 5
27 29 4.05 2.83 5 3.5 5
29 30 36.9 25.83 41 28.7 41
29 31 49 34.3 28 19.6 28
28 32 44.2 30.94 52 36.4 52
10 32 82.32 57.62 24 16.8 24
33 138 41.16 28.81 49 34.3 49
33 34 53.69 37.58 59 41.3 59
34 35 6.72 4.7 4 2.8 4
34 36 37.23 26.06 17 11.9 17
35 36 41.4 28.98 20 14 20
35 37 20.5 14.35 25 17.5 25
37 38 4.8 3.36 6 4.2 6
38 39 14.76 10.33 18 12.6 18
39 40 18.72 13.1 12 8.4 12
37 40 9.4 6.58 10 7 10
40 46 88.11 61.68 99 69.3 99
36 41 14.45 10.11 17 11.9 17
41 42 8.7 6.09 5 3.5 5
36 42 14.72 10.3 16 11.2 16
42 43 28.83 20.18 31 21.7 31
43 44 25.2 17.64 14 9.8 14
33 44 3.28 2.3 4 2.8 4
41 46 8.28 5.8 4 2.8 4
45 46 14.84 10.39 7 4.9 7
42 45 4.15 2.91 5 3.5 5
32 138 19.89 13.92 13 9.1 13
47 48 8.8 6.16 10 7 10
47 49 15.04 10.53 8 5.6 8
49 50 95.7 66.99 30 21 30
51 52 54.6 38.22 12 8.4 12
52 139 21.36 14.95 24 16.8 24
48 139 21.6 15.12 24 16.8 24
53 54 9.2 6.44 10 7 10
54 55 3.56 2.49 4 2.8 4
55 56 98.49 68.94 49 34.3 49
56 57 17 11.9 20 14 20
57 58 36 25.2 40 28 40
58 59 16.74 11.72 18 12.6 18
44 59 12.3 8.61 15 10.5 15
59 60 69.65 48.76 35 24.5 35
58 60 143.84 100.69 31 21.7 31
48 60 10.66 7.46 13 9.1 13
56 61 34.86 24.4 14 9.8 14
61 62 6.23 4.36 7 4.9 7
62 63 17.37 12.16 9 6.3 9
63 64 73.5 51.45 15 10.5 15
61 65 58.83 41.18 37 25.9 37
65 66 31.02 21.71 33 23.1 33
66 67 8.46 5.92 9 6.3 9
66 68 7.6 5.32 4 2.8 4
68 69 7.12 4.98 8 5.6 8
69 70 7.92 5.54 9 6.3 9
68 70 5.1 3.57 6 4.2 6
70 71 7.2 5.04 9 6.3 9
71 72 16.92 11.84 18 12.6 18
71 73 13.8 9.66 15 10.5 15
72 73 7.5 5.25 5 3.5 5
43 72 54.72 38.3 36 25.2 36
74 75 37.6 26.32 47 32.9 47
73 75 41.04 28.73 27 18.9 27
75 76 24 16.8 10 7 10
45 76 13.76 9.63 16 11.2 16
76 77 13.95 9.76 15 10.5 15
77 78 10.32 7.22 12 8.4 12
78 79 26.52 18.56 12 8.4 12
78 80 17.91 12.54 9 6.3 9
79 80 8 5.6 10 7 10
79 81 26.88 18.82 16 11.2 16
81 82 8.3 5.81 10 7 10
80 82 15.64 10.95 17 11.9 17
81 83 11.18 7.83 13 9.1 13
82 83 39.24 27.47 18 12.6 18
83 84 15.4 10.78 10 7 10
84 85 18 12.6 20 14 20
85 86 9.76 6.83 4 2.8 4
88 91 9.3 6.51 10 7 10
81 91 116.74 81.72 26 18.2 26
63 92 93.52 65.46 28 19.6 28
62 92 40.75 28.52 25 17.5 25
94 95 7.36 5.15 8 5.6 8
95 96 14.45 10.11 17 11.9 17
96 97 2.64 1.85 3 2.1 3
95 98 9.3 6.51 10 7 10
96 98 29.97 20.98 37 25.9 37
98 99 66.99 46.89 33 23.1 33
101 103 18.06 12.64 21 14.7 21
103 104 4.92 3.44 6 4.2 6
104 105 25.2 17.64 15 10.5 15
105 106 66.08 46.26 28 19.6 28
106 107 23.5 16.45 25 17.5 25
105 107 75.24 52.67 38 26.6 38
107 108 237.93 166.55 103 72.1 103
106 109 6.72 4.7 8 5.6 8
109 110 5.88 4.12 7 4.9 7
109 111 12.22 8.55 13 9.1 13
106 111 19.5 13.65 13 9.1 13
111 112 3.6 2.52 4 2.8 4
102 112 102.12 71.48 46 32.2 46
112 113 11.04 7.73 12 8.4 12
0 115 33.48 23.44 18 12.6 18
115 116 30.4 21.28 19 13.3 19
1 116 34.24 23.97 16 11.2 16
116 117 41.16 28.81 49 34.3 49
116 118 20.16 14.11 24 16.8 24
113 117 48.14 33.7 58 40.6 58
3 123 62.31 43.62 67 46.9 67
123 125 9.68 6.78 11 7.7 11
125 126 34.35 24.04 15 10.5 15
126 127 20.9 14.63 22 15.4 22
2 127 88.97 62.28 41 28.7 41
127 128 112.24 78.57 23 16.1 23
126 128 9.57 6.7 11 7.7 11
125 129 32.9 23.03 35 24.5 35
125 130 45.76 32.03 26 18.2 26
130 131 9.25 6.47 5 3.5 5
131 132 15.96 11.17 7 4.9 7
132 133 8.7 6.09 10 7 10
132 134 39.33 27.53 19 13.3 19
133 134 32.76 22.93 14 9.8 14
133 135 47.43 33.2 31 21.7 31
135 136 62.93 44.05 29 20.3 29
135 137 4.5 3.15 5 3.5 5
130 137 39.01 27.31 47 32.9 47
124 137 40 28 20 14 20
54 139 56.84 39.79 14 9.8 14
53 139 37.26 26.08 18 12.6 18
10 26 110 77 50 35 50
57 69 10.23 7.16 11 7.7 11
5 6 32.76 22.93 21 14.7 0
8 9 11.28 7.9 12 8.4 0
9 14 21.71 15.2 13 9.1 0
14 15 6.88 4.82 8 5.6 0
14 16 10.79 7.55 13 9.1 0
12 16 5.16 3.61 6 4.2 0
16 17 6.96 4.87 8 5.6 0
17 18 5.58 3.91 6 4.2 0
20 22 44 30.8 55 38.5 0
22 25 18.6 13.02 20 14 0
25 30 27.72 19.4 12 8.4 0
47 138 115.15 80.61 49 34.3 0
50 51 10.8 7.56 12 8.4 0
55 64 63.3 44.31 30 21 0
70 74 29.52 20.66 36 25.2 0
85 87 27.06 18.94 33 23.1 0
87 88 12.88 9.02 14 9.8 0
87 89 10.92 7.64 12 8.4 0
89 90 16.73 11.71 7 4.9 0
67 89 156.78 109.75 67 46.9 0
65 90 63.48 44.44 69 48.3 0
83 91 53.07 37.15 29 20.3 0
92 93 14.28 10 17 11.9 0
93 94 44.59 31.21 49 34.3 0
93 99 14.45 10.11 17 11.9 0
93 100 3.68 2.58 4 2.8 0
65 100 63.56 44.49 28 19.6 0
100 101 14.11 9.88 17 11.9 0
101 102 141.12 98.78 42 29.4 0
90 102 134.73 94.31 27 18.9 0
113 114 72 50.4 36 25.2 0
114 115 47 32.9 10 7 0
114 116 35.8 25.06 20 14 0
118 119 23.94 16.76 14 9.8 0
90 117 29.05 20.34 35 24.5 0
117 120 33.15 23.2 17 11.9 0
119 120 29.28 20.5 16 11.2 0
120 121 7.28 5.1 8 5.6 0
86 121 51.45 36.02 15 10.5 0
121 122 13.05 9.13 15 10.5 0
122 123 126.73 88.71 29 20.3 0
119 122 157.76 110.43 32 22.4 0
122 124 27.52 19.26 32 22.4 0
