4 5 21.06 14.74 26 18.2 26
5 7 23.4 16.38 10 7 10
7 8 32.56 22.79 37 25.9 37
7 10 82.56 57.79 48 33.6 48
10 11 23 16.1 25 17.5 25
11 12 53.16 37.21 12 8.4 12
12 13 31.5 22.05 18 12.6 18
19 21 8 5.6 10 7 10
19 23 30.03 21.02 33 23.1 33
23 24 8.8 6.16 10 7 10
24 26 17.1 11.97 19 13.3 19
26 27 5.34 3.74 6 4.2 6
27 28 8.45 5.91 5 3.5 5
27 29 4.7 3.29 5 3.5 5
29 31 25.76 18.03 28 19.6 28
10 32 50.88 35.62 24 16.8 24
33 138 95.55 66.88 49 34.3 49
35 36 17 11.9 20 14 20
35 37 23 16.1 25 17.5 25
37 38 13.8 9.66 6 4.2 6
38 39 33.48 23.44 18 12.6 18
36 42 59.2 41.44 16 11.2 16
42 43 25.73 18.01 31 21.7 31
43 44 13.16 9.21 14 9.8 14
33 44 8.96 6.27 4 2.8 4
42 45 11.7 8.19 5 3.5 5
32 138 27.95 19.56 13 9.1 13
47 48 20.7 14.49 10 7 10
48 139 48 33.6 24 16.8 24
53 54 8.6 6.02 10 7 10
54 55 3.6 2.52 4 2.8 4
61 62 30.87 21.61 7 4.9 7
62 63 22.41 15.69 9 6.3 9
63 64 33.9 23.73 15 10.5 15
61 65 31.08 21.76 37 25.9 37
65 66 27.06 18.94 33 23.1 33
66 67 8.46 5.92 9 6.3 9
66 68 7.88 5.52 4 2.8 4
68 70 29.34 20.54 6 4.2 6
70 71 8.1 5.67 9 6.3 9
71 72 15.66 10.96 18 12.6 18
43 72 55.44 38.81 36 25.2 36
45 76 13.76 9.63 16 11.2 16
76 77 23.25 16.27 15 10.5 15
77 78 23.04 16.13 12 8.4 12
78 79 10.44 7.31 12 8.4 12
79 81 13.12 9.18 16 11.2 16
81 83 30.03 21.02 13 9.1 13
83 84 49.5 34.65 10 7 10
84 85 38.8 27.16 20 14 20
85 86 6.76 4.73 4 2.8 4
94 95 7.36 5.15 8 5.6 8
95 96 15.81 11.07 17 11.9 17
96 97 9.48 6.64 3 2.1 3
101 103 40.95 28.66 21 14.7 21
103 104 5.16 3.61 6 4.2 6
104 105 73.05 51.13 15 10.5 15
105 106 56.56 39.59 28 19.6 28
106 107 20.5 14.35 25 17.5 25
107 108 311.06 217.74 103 72.1 103
106 109 12.24 8.57 8 5.6 8
109 110 6.51 4.56 7 4.9 7
109 111 31.59 22.11 13 9.1 13
106 111 11.57 8.1 13 9.1 13
111 112 6.76 4.73 4 2.8 4
112 113 9.84 6.89 12 8.4 12
0 115 15.66 10.96 18 12.6 18
115 116 17.48 12.24 19 13.3 19
1 116 36.8 25.76 16 11.2 16
116 118 22.32 15.62 24 16.8 24
113 117 53.36 37.35 58 40.6 58
123 125 19.36 13.55 11 7.7 11
125 129 31.85 22.29 35 24.5 35
54 139 11.48 8.04 14 9.8 14
10 26 42 29.4 50 35 50
5 6 49.56 34.69 21 14.7 0
8 9 18.6 13.02 12 8.4 0
9 14 27.43 19.2 13 9.1 0
14 15 19.84 13.89 8 5.6 0
14 16 31.46 22.02 13 9.1 0
12 16 5.58 3.91 6 4.2 0
12 15 21.96 15.37 12 8.4 0
16 17 7.44 5.21 8 5.6 0
17 18 20.52 14.36 6 4.2 0
9 18 47.32 33.12 28 19.6 0
11 19 29.58 20.71 34 23.8 0
19 20 49.88 34.92 58 40.6 0
20 22 97.9 68.53 55 38.5 0
22 23 51.52 36.06 56 39.2 0
24 25 189.6 132.72 48 33.6 0
22 25 16.8 11.76 20 14 0
29 30 38.13 26.69 41 28.7 0
25 30 9.84 6.89 12 8.4 0
28 32 48.36 33.85 52 36.4 0
33 34 47.79 33.45 59 41.3 0
34 35 20 14 4 2.8 0
34 36 25.67 17.97 17 11.9 0
39 40 29.4 20.58 12 8.4 0
37 40 9.4 6.58 10 7 0
40 46 82.17 57.52 99 69.3 0
36 41 32.81 22.97 17 11.9 0
41 42 4.6 3.22 5 3.5 0
41 46 12.6 8.82 4 2.8 0
45 46 28.98 20.29 7 4.9 0
47 138 112.7 78.89 49 34.3 0
47 49 6.72 4.7 8 5.6 0
49 50 52.5 36.75 30 21 0
50 51 58.2 40.74 12 8.4 0
51 52 9.84 6.89 12 8.4 0
52 139 82.32 57.62 24 16.8 0
55 56 83.79 58.65 49 34.3 0
56 57 18.8 13.16 20 14 0
57 58 94.4 66.08 40 28 0
58 59 41.04 28.73 18 12.6 0
44 59 24.6 17.22 15 10.5 0
59 60 67.2 47.04 35 24.5 0
58 60 29.14 20.4 31 21.7 0
48 60 10.92 7.64 13 9.1 0
56 61 11.62 8.13 14 9.8 0
55 64 111 77.7 30 21 0
68 69 6.64 4.65 8 5.6 0
69 70 8.37 5.86 9 6.3 0
71 73 29.25 20.47 15 10.5 0
72 73 4.15 2.91 5 3.5 0
70 74 75.96 53.17 36 25.2 0
74 75 38.54 26.98 47 32.9 0
73 75 21.87 15.31 27 18.9 0
75 76 8.7 6.09 10 7 0
78 80 16.56 11.59 9 6.3 0
79 80 9.4 6.58 10 7 0
81 82 9.1 6.37 10 7 0
80 82 32.81 22.97 17 11.9 0
82 83 16.56 11.59 18 12.6 0
85 87 30.69 21.48 33 23.1 0
87 88 50.82 35.57 14 9.8 0
87 89 10.68 7.48 12 8.4 0
89 90 5.67 3.97 7 4.9 0
67 89 63.65 44.55 67 46.9 0
65 90 55.89 39.12 69 48.3 0
88 91 18.8 13.16 10 7 0
81 91 47.32 33.12 26 18.2 0
83 91 24.07 16.85 29 20.3 0
63 92 25.2 17.64 28 19.6 0
62 92 21.5 15.05 25 17.5 0
92 93 33.66 23.56 17 11.9 0
93 94 116.62 81.63 49 34.3 0
95 98 23.2 16.24 10 7 0
96 98 134.31 94.02 37 25.9 0
98 99 29.04 20.33 33 23.1 0
93 99 13.77 9.64 17 11.9 0
93 100 3.76 2.63 4 2.8 0
65 100 122.36 85.65 28 19.6 0
100 101 13.6 9.52 17 11.9 0
101 102 36.12 25.28 42 29.4 0
90 102 22.14 15.5 27 18.9 0
105 107 63.46 44.42 38 26.6 0
102 112 38.64 27.05 46 32.2 0
113 114 31.68 22.18 36 25.2 0
114 115 19.5 13.65 10 7 0
114 116 16.4 11.48 20 14 0
116 117 80.36 56.25 49 34.3 0
118 119 34.3 24.01 14 9.8 0
90 117 32.9 23.03 35 24.5 0
117 120 39.95 27.96 17 11.9 0
119 120 26.56 18.59 16 11.2 0
120 121 6.8 4.76 8 5.6 0
86 121 12.3 8.61 15 10.5 0
121 122 12.3 8.61 15 10.5 0
122 123 49.88 34.92 29 20.3 0
119 122 25.92 18.14 32 22.4 0
122 124 72.64 50.85 32 22.4 0
3 123 213.06 149.14 67 46.9 0
125 126 13.5 9.45 15 10.5 0
126 127 20.46 14.32 22 15.4 0
2 127 66.83 46.78 41 28.7 0
127 128 45.31 31.72 23 16.1 0
126 128 9.46 6.62 11 7.7 0
125 130 55.12 38.58 26 18.2 0
130 131 4.45 3.11 5 3.5 0
131 132 6.02 4.21 7 4.9 0
132 133 8.6 6.02 10 7 0
132 134 17.86 12.5 19 13.3 0
133 134 32.48 22.74 14 9.8 0
133 135 26.35 18.45 31 21.7 0
135 136 24.65 17.25 29 20.3 0
135 137 10.05 7.04 5 3.5 0
130 137 39.48 27.64 47 32.9 0
124 137 35 24.5 20 14 0
53 139 15.84 11.09 18 12.6 0
57 69 9.9 6.93 11 7.7 0
