0 1 68.8 48.16 32 22.4 32
1 2 12.32 8.62 14 9.8 14
1 3 15.98 11.19 17 11.9 17
3 4 45.36 31.75 56 39.2 56
4 5 6.72 4.7 8 5.6 8
4 6 5.64 3.95 6 4.2 6
6 7 15.12 10.58 18 12.6 18
7 8 79.3 55.51 26 18.2 26
8 9 42.6 29.82 20 14 20
9 10 53.88 37.72 12 8.4 12
10 11 30.4 21.28 32 22.4 32
11 15 24.07 16.85 29 20.3 29
12 15 11.57 8.1 13 9.1 13
12 13 5.95 4.17 7 4.9 7
13 14 17.36 12.15 7 4.9 7
12 76 9.6 6.72 12 8.4 12
14 16 22.62 15.83 26 18.2 26
14 17 88.92 62.24 38 26.6 38
17 18 37.72 26.4 41 28.7 41
18 19 29.12 20.38 32 22.4 32
17 19 19.11 13.38 21 14.7 21
18 20 75.24 52.67 38 26.6 38
20 21 41.99 29.39 17 11.9 17
21 74 19.68 13.78 24 16.8 24
21 23 6.6 4.62 4 2.8 4
23 24 84.51 59.16 27 18.9 27
24 74 24.96 17.47 16 11.2 16
24 25 37.57 26.3 17 11.9 17
22 25 22.68 15.88 12 8.4 12
25 26 55.65 38.95 15 10.5 15
25 27 14.94 10.46 18 12.6 18
27 28 14.24 9.97 16 11.2 16
24 28 25.38 17.77 27 18.9 27
29 30 12.32 8.62 14 9.8 14
22 30 36 25.2 40 28 40
30 31 46.98 32.89 58 40.6 58
31 32 63.3 44.31 30 21 30
31 33 137.6 96.32 43 30.1 43
31 34 259.72 181.8 86 60.2 86
32 35 24.03 16.82 27 18.9 27
32 36 68.25 47.77 75 52.5 75
36 37 15.68 10.98 8 5.6 8
36 38 18.69 13.08 21 14.7 21
38 39 11.5 8.05 5 3.5 5
34 38 5.67 3.97 7 4.9 7
34 40 33 23.1 15 10.5 15
39 40 7.83 5.48 9 6.3 9
40 41 37.98 26.59 18 12.6 18
41 42 22.77 15.94 11 7.7 11
42 43 125.58 87.91 78 54.6 78
43 44 51.96 36.37 12 8.4 12
44 45 9.72 6.8 12 8.4 12
43 45 50.7 35.49 13 9.1 13
45 46 27.06 18.94 33 23.1 33
46 47 34.2 23.94 10 7 10
10 47 160.37 112.26 79 55.3 79
46 48 8.28 5.8 9 6.3 9
48 49 7.04 4.93 8 5.6 8
48 50 22.2 15.54 10 7 10
49 51 1.86 1.3 2 1.4 2
50 52 8.84 6.19 4 2.8 4
51 52 3.64 2.55 4 2.8 4
51 53 18.52 12.96 4 2.8 4
23 52 19.68 13.78 24 16.8 24
18 49 25.8 18.06 30 21 30
54 55 5.16 3.61 6 4.2 6
41 55 42.38 29.67 26 18.2 26
41 56 12.18 8.53 14 9.8 14
56 57 67.08 46.96 78 54.6 78
57 58 20.75 14.52 25 17.5 25
10 58 190.32 133.22 78 54.6 78
57 59 26.73 18.71 33 23.1 33
59 60 164.97 115.48 39 27.3 39
59 61 35.19 24.63 23 16.1 23
61 62 27.3 19.11 30 21 30
62 63 8.1 5.67 9 6.3 9
62 64 46.41 32.49 21 14.7 21
61 65 14.4 10.08 16 11.2 16
65 67 42.75 29.92 45 31.5 45
57 68 27.2 19.04 32 22.4 32
58 68 10.01 7.01 11 7.7 11
3 68 139.5 97.65 75 52.5 75
69 70 101.92 71.34 56 39.2 56
70 71 5.16 3.61 6 4.2 6
70 72 11.6 8.12 5 3.5 5
71 72 4.1 2.87 5 3.5 5
72 73 20.5 14.35 25 17.5 25
17 71 198.72 139.1 92 64.4 92
55 66 60.48 42.34 36 25.2 36
22 74 33.66 23.56 17 11.9 17
11 75 5.95 4.17 7 4.9 7
19 75 6.72 4.7 8 5.6 8
14 76 11.83 8.28 13 9.1 13
75 76 150.5 105.35 35 24.5 35
20 50 3.98 2.79 2 1.4 2
43 58 108.36 75.85 28 19.6 28
59 66 24.07 16.85 29 20.3 29
61 66 29.45 20.61 31 21.7 31
