4 5 82.16 57.51 26 18.2 26
5 6 19.53 13.67 21 14.7 21
5 7 8.4 5.88 10 7 10
7 8 83.62 58.53 37 25.9 37
8 9 29.16 20.41 12 8.4 12
7 10 42.24 29.57 48 33.6 48
10 11 20.25 14.17 25 17.5 25
11 12 9.84 6.89 12 8.4 12
12 13 30.96 21.67 18 12.6 18
9 14 52.26 36.58 13 9.1 13
14 15 15.04 10.53 8 5.6 8
14 16 28.34 19.84 13 9.1 13
12 16 23.22 16.25 6 4.2 6
12 15 24.72 17.3 12 8.4 12
16 17 6.4 4.48 8 5.6 8
17 18 10.56 7.39 6 4.2 6
9 18 54.6 38.22 28 19.6 28
11 19 27.2 19.04 34 23.8 34
19 20 103.24 72.27 58 40.6 58
19 21 8.8 6.16 10 7 10
20 22 45.1 31.57 55 38.5 55
19 23 29.7 20.79 33 23.1 33
22 23 50.4 35.28 56 39.2 56
23 24 8.3 5.81 10 7 10
24 25 41.76 29.23 48 33.6 48
22 25 44.4 31.08 20 14 20
24 26 17.86 12.5 19 13.3 19
26 27 5.58 3.91 6 4.2 6
27 28 4.45 3.11 5 3.5 5
27 29 4.2 2.94 5 3.5 5
29 30 33.62 23.53 41 28.7 41
25 30 23.76 16.63 12 8.4 12
29 31 26.04 18.23 28 19.6 28
28 32 45.76 32.03 52 36.4 52
10 32 102.72 71.9 24 16.8 24
33 138 196.49 137.54 49 34.3 49
33 34 55.46 38.82 59 41.3 59
34 35 3.36 2.35 4 2.8 4
34 36 29.24 20.47 17 11.9 17
35 36 17.6 12.32 20 14 20
35 37 23.75 16.62 25 17.5 25
37 38 5.16 3.61 6 4.2 6
38 39 14.76 10.33 18 12.6 18
39 40 53.4 37.38 12 8.4 12
37 40 8.6 6.02 10 7 10
40 46 85.14 59.6 99 69.3 99
36 41 38.42 26.89 17 11.9 17
41 42 4.1 2.87 5 3.5 5
36 42 70.88 49.62 16 11.2 16
42 43 28.52 19.96 31 21.7 31
43 44 34.72 24.3 14 9.8 14
33 44 9.92 6.94 4 2.8 4
41 46 3.36 2.35 4 2.8 4
45 46 16.38 11.47 7 4.9 7
42 45 4.65 3.25 5 3.5 5
32 138 27.69 19.38 13 9.1 13
47 138 44.1 30.87 49 34.3 49
47 48 20.9 14.63 10 7 10
47 49 13.28 9.3 8 5.6 8
49 50 73.2 51.24 30 21 30
50 51 9.72 6.8 12 8.4 12
51 52 9.72 6.8 12 8.4 12
52 139 19.92 13.94 24 16.8 24
48 139 21.84 15.29 24 16.8 24
53 54 9.3 6.51 10 7 10
54 55 7.12 4.98 4 2.8 4
55 56 46.06 32.24 49 34.3 49
56 57 18.4 12.88 20 14 20
57 58 35.6 24.92 40 28 40
58 59 57.42 40.19 18 12.6 18
44 59 13.5 9.45 15 10.5 15
59 60 151.2 105.84 35 24.5 35
58 60 27.59 19.31 31 21.7 31
48 60 22.49 15.74 13 9.1 13
56 61 47.18 33.03 14 9.8 14
61 62 16.24 11.37 7 4.9 7
62 63 7.47 5.23 9 6.3 9
63 64 12 8.4 15 10.5 15
55 64 45.3 31.71 30 21 30
61 65 30.34 21.24 37 25.9 37
65 66 30.03 21.02 33 23.1 33
66 67 29.43 20.6 9 6.3 9
66 68 8.56 5.99 4 2.8 4
68 69 6.88 4.82 8 5.6 8
69 70 7.29 5.1 9 6.3 9
68 70 5.16 3.61 6 4.2 6
70 71 17.82 12.47 9 6.3 9
71 72 14.76 10.33 18 12.6 18
71 73 27.6 19.32 15 10.5 15
72 73 4.25 2.97 5 3.5 5
43 72 29.52 20.66 36 25.2 36
70 74 29.16 20.41 36 25.2 36
74 75 94.47 66.13 47 32.9 47
73 75 24.84 17.39 27 18.9 27
75 76 23.6 16.52 10 7 10
45 76 28.8 20.16 16 11.2 16
76 77 12.6 8.82 15 10.5 15
77 78 25.68 17.98 12 8.4 12
78 79 9.96 6.97 12 8.4 12
78 80 7.38 5.17 9 6.3 9
79 80 9 6.3 10 7 10
79 81 13.92 9.74 16 11.2 16
81 82 15.3 10.71 10 7 10
80 82 14.96 10.47 17 11.9 17
81 83 12.35 8.64 13 9.1 13
82 83 44.46 31.12 18 12.6 18
83 84 9.4 6.58 10 7 10
84 85 41.2 28.84 20 14 20
85 86 3.6 2.52 4 2.8 4
85 87 28.38 19.87 33 23.1 33
87 88 13.16 9.21 14 9.8 14
87 89 23.4 16.38 12 8.4 12
89 90 10.57 7.4 7 4.9 7
67 89 152.09 106.46 67 46.9 67
65 90 106.95 74.86 69 48.3 69
88 91 8.8 6.16 10 7 10
81 91 21.84 15.29 26 18.2 26
83 91 24.94 17.46 29 20.3 29
63 92 53.76 37.63 28 19.6 28
62 92 21 14.7 25 17.5 25
92 93 15.47 10.83 17 11.9 17
93 94 95.55 66.88 49 34.3 49
94 95 6.88 4.82 8 5.6 8
95 96 60.01 42.01 17 11.9 17
96 97 5.61 3.93 3 2.1 3
95 98 8.4 5.88 10 7 10
96 98 69.19 48.43 37 25.9 37
98 99 77.88 54.52 33 23.1 33
93 99 15.13 10.59 17 11.9 17
93 100 8.76 6.13 4 2.8 4
65 100 22.68 15.88 28 19.6 28
100 101 39.1 27.37 17 11.9 17
101 102 36.54 25.58 42 29.4 42
90 102 42.93 30.05 27 18.9 27
101 103 19.53 13.67 21 14.7 21
103 104 5.22 3.65 6 4.2 6
104 105 23.25 16.27 15 10.5 15
105 106 22.96 16.07 28 19.6 28
106 107 23.5 16.45 25 17.5 25
105 107 34.96 24.47 38 26.6 38
107 108 249.26 174.48 103 72.1 103
106 109 12.16 8.51 8 5.6 8
109 110 6.23 4.36 7 4.9 7
109 111 20.41 14.29 13 9.1 13
106 111 12.35 8.64 13 9.1 13
111 112 3.2 2.24 4 2.8 4
102 112 41.4 28.98 46 32.2 46
112 113 11.16 7.81 12 8.4 12
113 114 73.8 51.66 36 25.2 36
114 115 8.5 5.95 10 7 10
0 115 30.96 21.67 18 12.6 18
115 116 17.29 12.1 19 13.3 19
114 116 40.6 28.42 20 14 20
1 116 14.4 10.08 16 11.2 16
116 117 40.18 28.13 49 34.3 49
116 118 56.88 39.82 24 16.8 24
118 119 34.44 24.11 14 9.8 14
113 117 204.16 142.91 58 40.6 58
90 117 32.2 22.54 35 24.5 35
117 120 15.13 10.59 17 11.9 17
119 120 13.6 9.52 16 11.2 16
120 121 7.28 5.1 8 5.6 8
86 121 13.2 9.24 15 10.5 15
121 122 28.2 19.74 15 10.5 15
122 123 24.36 17.05 29 20.3 29
119 122 27.52 19.26 32 22.4 32
122 124 53.12 37.18 32 22.4 32
3 123 117.25 82.07 67 46.9 67
123 125 22 15.4 11 7.7 11
125 126 31.8 22.26 15 10.5 15
126 127 18.48 12.94 22 15.4 22
2 127 37.31 26.12 41 28.7 41
127 128 37.95 26.57 23 16.1 23
126 128 17.49 12.24 11 7.7 11
125 129 62.65 43.85 35 24.5 35
125 130 47.58 33.31 26 18.2 26
130 131 22.2 15.54 5 3.5 5
131 132 12.53 8.77 7 4.9 7
132 133 36 25.2 10 7 10
132 134 44.08 30.86 19 13.3 19
133 134 11.76 8.23 14 9.8 14
133 135 25.42 17.79 31 21.7 31
135 136 24.65 17.25 29 20.3 29
135 137 23.7 16.59 5 3.5 5
130 137 73.79 51.65 47 32.9 47
124 137 17.2 12.04 20 14 20
54 139 12.6 8.82 14 9.8 14
53 139 16.92 11.84 18 12.6 18
10 26 47 32.9 50 35 50
57 69 34.1 23.87 11 7.7 11
