4 5 93.08 65.16 26 18.2 26
5 6 35.7 24.99 21 14.7 21
5 7 8.6 6.02 10 7 10
7 8 87.69 61.38 37 25.9 37
8 9 9.84 6.89 12 8.4 12
7 10 118.08 82.66 48 33.6 48
10 11 23.5 16.45 25 17.5 25
11 12 9.6 6.72 12 8.4 12
12 13 16.74 11.72 18 12.6 18
9 14 19.89 13.92 13 9.1 13
14 15 6.88 4.82 8 5.6 8
14 16 11.96 8.37 13 9.1 13
12 16 5.4 3.78 6 4.2 6
12 15 10.68 7.48 12 8.4 12
16 17 7.52 5.26 8 5.6 8
17 18 5.22 3.65 6 4.2 6
9 18 114.52 80.16 28 19.6 28
11 19 76.84 53.79 34 23.8 34
19 20 121.8 85.26 58 40.6 58
19 21 8.5 5.95 10 7 10
20 22 218.35 152.84 55 38.5 55
19 23 79.53 55.67 33 23.1 33
22 23 49.28 34.5 56 39.2 56
23 24 23.2 16.24 10 7 10
24 25 80.64 56.45 48 33.6 48
22 25 16.8 11.76 20 14 20
24 26 16.72 11.7 19 13.3 19
26 27 4.98 3.49 6 4.2 6
27 28 20.3 14.21 5 3.5 5
27 29 4.65 3.25 5 3.5 5
29 30 200.49 140.34 41 28.7 41
25 30 25.68 17.98 12 8.4 12
29 31 22.68 15.88 28 19.6 28
28 32 46.8 32.76 52 36.4 52
10 32 20.64 14.45 24 16.8 24
33 138 164.64 115.25 49 34.3 49
33 34 94.4 66.08 59 41.3 59
34 35 8.24 5.77 4 2.8 4
34 36 14.79 10.35 17 11.9 17
35 36 48.2 33.74 20 14 20
35 37 23.5 16.45 25 17.5 25
37 38 5.4 3.78 6 4.2 6
38 39 15.3 10.71 18 12.6 18
39 40 10.32 7.22 12 8.4 12
37 40 49.9 34.93 10 7 10
40 46 356.4 249.48 99 69.3 99
36 41 37.74 26.42 17 11.9 17
41 42 4.45 3.11 5 3.5 5
36 42 13.92 9.74 16 11.2 16
42 43 28.83 20.18 31 21.7 31
43 44 11.9 8.33 14 9.8 14
33 44 3.72 2.6 4 2.8 4
41 46 9.44 6.61 4 2.8 4
45 46 12.18 8.53 7 4.9 7
42 45 10.2 7.14 5 3.5 5
32 138 10.79 7.55 13 9.1 13
47 138 197.96 138.57 49 34.3 49
47 48 8.2 5.74 10 7 10
47 49 14.16 9.91 8 5.6 8
49 50 67.8 47.46 30 21 30
50 51 24.12 16.88 12 8.4 12
51 52 9.72 6.8 12 8.4 12
52 139 51.84 36.29 24 16.8 24
48 139 22.32 15.62 24 16.8 24
53 54 17.4 12.18 10 7 10
54 55 9.36 6.55 4 2.8 4
55 56 100.94 70.66 49 34.3 49
56 57 45.6 31.92 20 14 20
57 58 77.2 54.04 40 28 40
58 59 15.12 10.58 18 12.6 18
44 59 13.35 9.34 15 10.5 15
59 60 29.75 20.82 35 24.5 35
58 60 26.97 18.88 31 21.7 31
48 60 31.85 22.29 13 9.1 13
56 61 13.16 9.21 14 9.8 14
61 62 6.44 4.51 7 4.9 7
62 63 7.38 5.17 9 6.3 9
63 64 24.75 17.32 15 10.5 15
55 64 24.6 17.22 30 21 30
61 65 32.19 22.53 37 25.9 37
65 66 65.67 45.97 33 23.1 33
66 67 7.74 5.42 9 6.3 9
66 68 3.8 2.66 4 2.8 4
68 69 6.8 4.76 8 5.6 8
69 70 7.92 5.54 9 6.3 9
68 70 5.28 3.7 6 4.2 6
70 71 7.92 5.54 9 6.3 9
71 72 63.18 44.23 18 12.6 18
71 73 12.9 9.03 15 10.5 15
72 73 4.7 3.29 5 3.5 5
43 72 144 100.8 36 25.2 36
70 74 29.88 20.92 36 25.2 36
74 75 113.74 79.62 47 32.9 47
73 75 62.64 43.85 27 18.9 27
75 76 8.2 5.74 10 7 10
45 76 25.12 17.58 16 11.2 16
76 77 13.35 9.34 15 10.5 15
77 78 29.4 20.58 12 8.4 12
78 79 10.32 7.22 12 8.4 12
78 80 19.89 13.92 9 6.3 9
79 80 36.2 25.34 10 7 10
79 81 13.92 9.74 16 11.2 16
81 82 8.7 6.09 10 7 10
80 82 13.77 9.64 17 11.9 17
81 83 10.4 7.28 13 9.1 13
82 83 76.14 53.3 18 12.6 18
83 84 30.8 21.56 10 7 10
84 85 18.6 13.02 20 14 20
85 86 3.6 2.52 4 2.8 4
85 87 29.37 20.56 33 23.1 33
87 88 11.76 8.23 14 9.8 14
87 89 11.4 7.98 12 8.4 12
89 90 6.37 4.46 7 4.9 7
67 89 58.96 41.27 67 46.9 67
65 90 62.79 43.95 69 48.3 69
88 91 8.5 5.95 10 7 10
81 91 22.1 15.47 26 18.2 26
83 91 27.26 19.08 29 20.3 29
63 92 23.24 16.27 28 19.6 28
62 92 76.75 53.72 25 17.5 25
92 93 14.28 10 17 11.9 17
93 94 101.43 71 49 34.3 49
94 95 17.2 12.04 8 5.6 8
95 96 15.3 10.71 17 11.9 17
96 97 2.76 1.93 3 2.1 3
95 98 9.1 6.37 10 7 10
96 98 34.41 24.09 37 25.9 37
98 99 27.06 18.94 33 23.1 33
93 99 36.38 25.47 17 11.9 17
93 100 8.84 6.19 4 2.8 4
65 100 23.8 16.66 28 19.6 28
100 101 15.47 10.83 17 11.9 17
101 102 84.42 59.09 42 29.4 42
90 102 22.68 15.88 27 18.9 27
101 103 18.48 12.94 21 14.7 21
103 104 11.46 8.02 6 4.2 6
104 105 31.95 22.36 15 10.5 15
105 106 65.52 45.86 28 19.6 28
106 107 50 35 25 17.5 25
105 107 77.9 54.53 38 26.6 38
107 108 88.58 62.01 103 72.1 103
106 109 7.2 5.04 8 5.6 8
109 110 5.74 4.02 7 4.9 7
109 111 62.27 43.59 13 9.1 13
106 111 27.04 18.93 13 9.1 13
111 112 6.44 4.51 4 2.8 4
102 112 140.3 98.21 46 32.2 46
112 113 24.36 17.05 12 8.4 12
113 114 33.48 23.44 36 25.2 36
114 115 8.2 5.74 10 7 10
0 115 16.38 11.47 18 12.6 18
115 116 38.38 26.87 19 13.3 19
114 116 18.2 12.74 20 14 20
1 116 68.16 47.71 16 11.2 16
116 117 46.06 32.24 49 34.3 49
116 118 20.88 14.62 24 16.8 24
118 119 21.28 14.9 14 9.8 14
113 117 47.56 33.29 58 40.6 58
90 117 57.75 40.42 35 24.5 35
117 120 15.81 11.07 17 11.9 17
119 120 13.92 9.74 16 11.2 16
120 121 7.28 5.1 8 5.6 8
86 121 24.6 17.22 15 10.5 15
121 122 13.05 9.13 15 10.5 15
122 123 26.97 18.88 29 20.3 29
119 122 28.16 19.71 32 22.4 32
122 124 62.4 43.68 32 22.4 32
3 123 115.24 80.67 67 46.9 67
123 125 9.9 6.93 11 7.7 11
125 126 13.35 9.34 15 10.5 15
126 127 17.82 12.47 22 15.4 22
2 127 36.49 25.54 41 28.7 41
127 128 20.7 14.49 23 16.1 23
126 128 19.58 13.71 11 7.7 11
125 129 32.2 22.54 35 24.5 35
125 130 101.14 70.8 26 18.2 26
130 131 7.55 5.28 5 3.5 5
131 132 28.77 20.14 7 4.9 7
132 133 8.5 5.95 10 7 10
132 134 17.67 12.37 19 13.3 19
133 134 11.2 7.84 14 9.8 14
133 135 100.13 70.09 31 21.7 31
135 136 24.36 17.05 29 20.3 29
135 137 11 7.7 5 3.5 5
130 137 40.89 28.62 47 32.9 47
124 137 38.8 27.16 20 14 20
54 139 11.76 8.23 14 9.8 14
53 139 16.92 11.84 18 12.6 18
10 26 44.5 31.15 50 35 50
57 69 9.24 6.47 11 7.7 11
