4 5 44.72 31.3 26 18.2 26
5 7 8.4 5.88 10 7 10
7 8 84.73 59.31 37 25.9 37
7 10 75.36 52.75 48 33.6 48
10 11 23.5 16.45 25 17.5 25
11 12 52.08 36.46 12 8.4 12
12 13 36 25.2 18 12.6 18
9 14 11.31 7.92 13 9.1 13
14 15 17.92 12.54 8 5.6 8
14 16 44.72 31.3 13 9.1 13
12 16 5.34 3.74 6 4.2 6
12 15 24.96 17.47 12 8.4 12
16 17 20 14 8 5.6 8
9 18 50.12 35.08 28 19.6 28
11 19 80.24 56.17 34 23.8 34
19 20 46.98 32.89 58 40.6 58
19 21 24 16.8 10 7 10
19 23 28.71 20.1 33 23.1 33
22 23 50.96 35.67 56 39.2 56
23 24 21 14.7 10 7 10
24 25 41.28 28.9 48 33.6 48
24 26 46.93 32.85 19 13.3 19
26 27 10.08 7.06 6 4.2 6
27 28 4.05 2.83 5 3.5 5
27 29 8.95 6.26 5 3.5 5
29 30 38.54 26.98 41 28.7 41
29 31 24.64 17.25 28 19.6 28
28 32 45.76 32.03 52 36.4 52
10 32 58.56 40.99 24 16.8 24
33 138 43.61 30.53 49 34.3 49
33 34 50.74 35.52 59 41.3 59
34 35 8.84 6.19 4 2.8 4
34 36 14.11 9.88 17 11.9 17
35 36 49.4 34.58 20 14 20
35 37 60.25 42.17 25 17.5 25
37 38 5.22 3.65 6 4.2 6
38 39 38.88 27.22 18 12.6 18
39 40 9.96 6.97 12 8.4 12
37 40 24.8 17.36 10 7 10
40 46 91.08 63.76 99 69.3 99
36 41 14.79 10.35 17 11.9 17
41 42 4.35 3.04 5 3.5 5
36 42 50.72 35.5 16 11.2 16
42 43 123.69 86.58 31 21.7 31
43 44 12.04 8.43 14 9.8 14
33 44 3.2 2.24 4 2.8 4
41 46 17.36 12.15 4 2.8 4
45 46 6.58 4.61 7 4.9 7
42 45 4.05 2.83 5 3.5 5
32 138 60.19 42.13 13 9.1 13
47 48 8.9 6.23 10 7 10
47 49 7.36 5.15 8 5.6 8
49 50 27 18.9 30 21 30
50 51 18.24 12.77 12 8.4 12
51 52 9.72 6.8 12 8.4 12
52 139 37.92 26.54 24 16.8 24
48 139 45.36 31.75 24 16.8 24
53 54 23.1 16.17 10 7 10
54 55 3.48 2.44 4 2.8 4
55 56 82.32 57.62 49 34.3 49
56 57 19 13.3 20 14 20
57 58 80 56 40 28 40
58 59 86.94 60.86 18 12.6 18
44 59 26.7 18.69 15 10.5 15
59 60 32.9 23.03 35 24.5 35
58 60 28.21 19.75 31 21.7 31
48 60 29.51 20.66 13 9.1 13
56 61 11.48 8.04 14 9.8 14
61 62 30.31 21.22 7 4.9 7
62 63 32.4 22.68 9 6.3 9
63 64 73.5 51.45 15 10.5 15
61 65 29.97 20.98 37 25.9 37
65 66 71.28 49.9 33 23.1 33
66 67 7.65 5.35 9 6.3 9
66 68 8.28 5.8 4 2.8 4
68 69 33.76 23.63 8 5.6 8
69 70 18.45 12.91 9 6.3 9
68 70 5.16 3.61 6 4.2 6
70 71 37.26 26.08 9 6.3 9
71 72 16.38 11.47 18 12.6 18
71 73 13.65 9.55 15 10.5 15
72 73 4.65 3.25 5 3.5 5
43 72 67.32 47.12 36 25.2 36
70 74 30.96 21.67 36 25.2 36
74 75 110.45 77.31 47 32.9 47
73 75 127.44 89.21 27 18.9 27
75 76 9 6.3 10 7 10
45 76 57.92 40.54 16 11.2 16
76 77 12.45 8.71 15 10.5 15
77 78 11.04 7.73 12 8.4 12
78 79 9.96 6.97 12 8.4 12
78 80 14.58 10.21 9 6.3 9
79 80 21.3 14.91 10 7 10
79 81 13.44 9.41 16 11.2 16
81 82 9.3 6.51 10 7 10
80 82 14.28 10 17 11.9 17
81 83 20.54 14.38 13 9.1 13
82 83 16.56 11.59 18 12.6 18
83 84 8.8 6.16 10 7 10
84 85 18.4 12.88 20 14 20
85 86 3.32 2.32 4 2.8 4
88 91 17.2 12.04 10 7 10
81 91 23.66 16.56 26 18.2 26
83 91 45.82 32.07 29 20.3 29
63 92 63 44.1 28 19.6 28
62 92 21.25 14.87 25 17.5 25
94 95 15.12 10.58 8 5.6 8
95 96 14.11 9.88 17 11.9 17
96 97 6.84 4.79 3 2.1 3
95 98 8.7 6.09 10 7 10
96 98 34.41 24.09 37 25.9 37
98 99 27.39 19.17 33 23.1 33
101 103 32.13 22.49 21 14.7 21
103 104 5.46 3.82 6 4.2 6
104 105 12.3 8.61 15 10.5 15
105 106 25.2 17.64 28 19.6 28
106 107 58.5 40.95 25 17.5 25
105 107 78.28 54.8 38 26.6 38
107 108 90.64 63.45 103 72.1 103
106 109 37.92 26.54 8 5.6 8
109 110 5.88 4.12 7 4.9 7
109 111 11.83 8.28 13 9.1 13
106 111 12.35 8.64 13 9.1 13
111 112 8.84 6.19 4 2.8 4
102 112 83.72 58.6 46 32.2 46
112 113 11.16 7.81 12 8.4 12
113 114 64.8 45.36 36 25.2 36
114 115 8.5 5.95 10 7 10
0 115 16.2 11.34 18 12.6 18
115 116 17.86 12.5 19 13.3 19
114 116 18 12.6 20 14 20
1 116 14.4 10.08 16 11.2 16
116 117 155.82 109.07 49 34.3 49
116 118 20.88 14.62 24 16.8 24
118 119 12.04 8.43 14 9.8 14
113 117 100.92 70.64 58 40.6 58
3 123 117.25 82.07 67 46.9 67
123 125 8.91 6.24 11 7.7 11
125 126 55.5 38.85 15 10.5 15
126 127 46.86 32.8 22 15.4 22
2 127 34.85 24.39 41 28.7 41
127 128 20.24 14.17 23 16.1 23
126 128 16.61 11.63 11 7.7 11
125 129 30.45 21.31 35 24.5 35
125 130 44.2 30.94 26 18.2 26
130 131 4.6 3.22 5 3.5 5
131 132 6.3 4.41 7 4.9 7
132 133 15.4 10.78 10 7 10
132 134 17.67 12.37 19 13.3 19
133 134 25.48 17.84 14 9.8 14
133 135 27.28 19.1 31 21.7 31
135 136 55.68 38.98 29 20.3 29
135 137 10.8 7.56 5 3.5 5
130 137 41.83 29.28 47 32.9 47
124 137 18 12.6 20 14 20
54 139 11.62 8.13 14 9.8 14
53 139 15.3 10.71 18 12.6 18
10 26 40.5 28.35 50 35 50
57 69 26.07 18.25 11 7.7 11
5 6 19.74 13.82 21 14.7 0
8 9 10.32 7.22 12 8.4 0
17 18 14.22 9.95 6 4.2 0
20 22 92.4 64.68 55 38.5 0
22 25 17.4 12.18 20 14 0
25 30 10.8 7.56 12 8.4 0
47 138 94.57 66.2 49 34.3 0
55 64 70.5 49.35 30 21 0
85 87 124.74 87.32 33 23.1 0
87 88 11.34 7.94 14 9.8 0
87 89 54.84 38.39 12 8.4 0
89 90 14 9.8 7 4.9 0
67 89 127.3 89.11 67 46.9 0
65 90 61.41 42.99 69 48.3 0
92 93 27.54 19.28 17 11.9 0
93 94 44.1 30.87 49 34.3 0
93 99 13.77 9.64 17 11.9 0
93 100 3.32 2.32 4 2.8 0
65 100 26.32 18.42 28 19.6 0
100 101 13.94 9.76 17 11.9 0
101 102 37.38 26.17 42 29.4 0
90 102 56.97 39.88 27 18.9 0
90 117 72.8 50.96 35 24.5 0
117 120 36.21 25.35 17 11.9 0
119 120 13.76 9.63 16 11.2 0
120 121 16.96 11.87 8 5.6 0
86 121 36.9 25.83 15 10.5 0
121 122 27.6 19.32 15 10.5 0
122 123 25.52 17.86 29 20.3 0
119 122 25.92 18.14 32 22.4 0
122 124 74.24 51.97 32 22.4 0
