0 1 64.64 45.25 32 22.4 32
1 2 26.6 18.62 14 9.8 14
1 3 15.13 10.59 17 11.9 17
3 4 114.24 79.97 56 39.2 56
4 6 4.86 3.4 6 4.2 6
6 7 14.4 10.08 18 12.6 18
7 8 24.7 17.29 26 18.2 26
8 9 16.2 11.34 20 14 20
10 11 77.76 54.43 32 22.4 32
11 15 27.26 19.08 29 20.3 29
12 15 25.35 17.75 13 9.1 13
12 13 6.3 4.41 7 4.9 7
14 16 119.6 83.72 26 18.2 26
14 17 85.5 59.85 38 26.6 38
17 18 84.87 59.41 41 28.7 41
18 19 64 44.8 32 22.4 32
18 20 92.72 64.9 38 26.6 38
20 21 33.83 23.68 17 11.9 17
21 74 20.64 14.45 24 16.8 24
21 23 7.76 5.43 4 2.8 4
23 24 21.87 15.31 27 18.9 27
24 74 36.32 25.42 16 11.2 16
24 25 15.13 10.59 17 11.9 17
22 25 21 14.7 12 8.4 12
25 26 13.95 9.76 15 10.5 15
25 27 15.66 10.96 18 12.6 18
24 28 24.57 17.2 27 18.9 27
22 30 68.8 48.16 40 28 40
30 31 272.6 190.82 58 40.6 58
31 32 27.3 19.11 30 21 30
31 33 76.54 53.58 43 30.1 43
31 34 79.12 55.38 86 60.2 86
32 35 57.78 40.45 27 18.9 27
34 40 13.8 9.66 15 10.5 15
42 43 180.18 126.13 78 54.6 78
43 44 10.56 7.39 12 8.4 12
43 45 11.57 8.1 13 9.1 13
45 46 27.06 18.94 33 23.1 33
46 47 8.5 5.95 10 7 10
46 48 17.01 11.91 9 6.3 9
48 49 19.52 13.66 8 5.6 8
48 50 18.3 12.81 10 7 10
49 51 1.64 1.15 2 1.4 2
50 52 3.28 2.3 4 2.8 4
51 52 3.48 2.44 4 2.8 4
51 53 9.52 6.66 4 2.8 4
23 52 47.52 33.26 24 16.8 24
18 49 115.8 81.06 30 21 30
54 55 13.14 9.2 6 4.2 6
41 56 12.46 8.72 14 9.8 14
56 57 74.1 51.87 78 54.6 78
57 58 41.75 29.22 25 17.5 25
10 58 65.52 45.86 78 54.6 78
57 59 127.71 89.4 33 23.1 33
59 60 90.09 63.06 39 27.3 39
59 61 19.78 13.85 23 16.1 23
61 62 26.7 18.69 30 21 30
62 63 15.93 11.15 9 6.3 9
62 64 97.02 67.91 21 14.7 21
61 65 13.44 9.41 16 11.2 16
65 67 110.7 77.49 45 31.5 45
57 68 71.68 50.18 32 22.4 32
58 68 9.9 6.93 11 7.7 11
3 68 234.75 164.32 75 52.5 75
70 72 18.75 13.12 5 3.5 5
71 72 4.3 3.01 5 3.5 5
72 73 94.5 66.15 25 17.5 25
17 71 79.12 55.38 92 64.4 92
22 74 13.6 9.52 17 11.9 17
19 75 13.44 9.41 8 5.6 8
20 50 1.66 1.16 2 1.4 2
43 58 26.32 18.42 28 19.6 28
4 5 12.88 9.02 8 5.6 0
9 10 10.08 7.06 12 8.4 0
13 14 6.02 4.21 7 4.9 0
12 76 10.92 7.64 12 8.4 0
17 19 52.29 36.6 21 14.7 0
27 28 12.96 9.07 16 11.2 0
29 30 50.54 35.38 14 9.8 0
32 36 67.5 47.25 75 52.5 0
36 37 13.84 9.69 8 5.6 0
36 38 78.54 54.98 21 14.7 0
38 39 16.45 11.51 5 3.5 0
34 38 6.09 4.26 7 4.9 0
39 40 8.55 5.99 9 6.3 0
40 41 16.38 11.47 18 12.6 0
41 42 26.4 18.48 11 7.7 0
44 45 29.04 20.33 12 8.4 0
10 47 72.68 50.88 79 55.3 0
41 55 110.76 77.53 26 18.2 0
69 70 52.08 36.46 56 39.2 0
70 71 14.16 9.91 6 4.2 0
55 66 54.36 38.05 36 25.2 0
11 75 6.3 4.41 7 4.9 0
14 76 21.71 15.2 13 9.1 0
75 76 64.05 44.83 35 24.5 0
59 66 26.68 18.68 29 20.3 0
61 66 134.23 93.96 31 21.7 0
