0 1 29.76 20.83 32 22.4 32
1 2 24.64 17.25 14 9.8 14
1 3 13.94 9.76 17 11.9 17
3 4 47.6 33.32 56 39.2 56
4 5 17.2 12.04 8 5.6 8
4 6 26.04 18.23 6 4.2 6
6 7 16.02 11.21 18 12.6 18
7 8 54.34 38.04 26 18.2 26
8 9 48.4 33.88 20 14 20
10 11 26.56 18.59 32 22.4 32
11 15 24.36 17.05 29 20.3 29
12 15 20.8 14.56 13 9.1 13
12 13 17.15 12 7 4.9 7
12 76 18.96 13.27 12 8.4 12
14 16 20.8 14.56 26 18.2 26
14 17 34.2 23.94 38 26.6 38
17 18 35.67 24.97 41 28.7 41
18 19 75.52 52.86 32 22.4 32
17 19 38.43 26.9 21 14.7 21
18 20 31.54 22.08 38 26.6 38
20 21 36.21 25.35 17 11.9 17
21 74 37.68 26.38 24 16.8 24
21 23 16.96 11.87 4 2.8 4
23 24 52.11 36.48 27 18.9 27
24 74 14.72 10.3 16 11.2 16
24 25 26.35 18.45 17 11.9 17
22 25 9.96 6.97 12 8.4 12
25 26 12.75 8.92 15 10.5 15
25 27 71.82 50.27 18 12.6 18
27 28 53.92 37.74 16 11.2 16
24 28 22.41 15.69 27 18.9 27
29 30 22.54 15.78 14 9.8 14
22 30 34.8 24.36 40 28 40
30 31 112.52 78.76 58 40.6 58
31 32 27.9 19.53 30 21 30
31 33 35.26 24.68 43 30.1 43
31 34 74.82 52.37 86 60.2 86
32 35 25.38 17.77 27 18.9 27
32 36 62.25 43.57 75 52.5 75
36 37 14.32 10.02 8 5.6 8
36 38 39.48 27.64 21 14.7 21
38 39 24 16.8 5 3.5 5
34 38 5.74 4.02 7 4.9 7
34 40 31.05 21.73 15 10.5 15
42 43 66.3 46.41 78 54.6 78
43 44 21.12 14.78 12 8.4 12
44 45 10.56 7.39 12 8.4 12
43 45 11.96 8.37 13 9.1 13
45 46 31.02 21.71 33 23.1 33
46 47 8.7 6.09 10 7 10
46 48 8.37 5.86 9 6.3 9
48 49 6.88 4.82 8 5.6 8
48 50 16.6 11.62 10 7 10
49 51 3.2 2.24 2 1.4 2
50 52 3.6 2.52 4 2.8 4
51 52 8.92 6.24 4 2.8 4
51 53 12.4 8.68 4 2.8 4
23 52 21.12 14.78 24 16.8 24
18 49 24.9 17.43 30 21 30
54 55 5.34 3.74 6 4.2 6
41 56 33.46 23.42 14 9.8 14
56 57 177.06 123.94 78 54.6 78
57 58 49.75 34.82 25 17.5 25
10 58 184.08 128.86 78 54.6 78
57 59 27.72 19.4 33 23.1 33
59 60 134.94 94.46 39 27.3 39
59 61 18.86 13.2 23 16.1 23
61 62 27.3 19.11 30 21 30
62 63 29.34 20.54 9 6.3 9
62 64 46.62 32.63 21 14.7 21
61 65 14.08 9.86 16 11.2 16
65 67 146.7 102.69 45 31.5 45
57 68 76.16 53.31 32 22.4 32
58 68 10.23 7.16 11 7.7 11
3 68 135 94.5 75 52.5 75
69 70 45.36 31.75 56 39.2 56
70 71 5.28 3.7 6 4.2 6
70 72 8.05 5.63 5 3.5 5
71 72 4.45 3.11 5 3.5 5
72 73 53 37.1 25 17.5 25
17 71 81.88 57.32 92 64.4 92
22 74 39.78 27.85 17 11.9 17
19 75 7.36 5.15 8 5.6 8
14 76 27.3 19.11 13 9.1 13
75 76 32.9 23.03 35 24.5 35
20 50 3.36 2.35 2 1.4 2
43 58 68.04 47.63 28 19.6 28
9 10 10.2 7.14 12 8.4 0
13 14 6.37 4.46 7 4.9 0
39 40 17.46 12.22 9 6.3 0
40 41 15.48 10.84 18 12.6 0
41 42 9.02 6.31 11 7.7 0
10 47 69.52 48.66 79 55.3 0
41 55 57.46 40.22 26 18.2 0
55 66 29.88 20.92 36 25.2 0
11 75 6.44 4.51 7 4.9 0
59 66 26.97 18.88 29 20.3 0
61 66 61.69 43.18 31 21.7 0
