0 1 25.92 18.14 32 22.4 28.96 20.27 32
1 2 21.98 15.39 14 9.8 17.99 12.59 14
1 3 15.47 10.83 17 11.9 16.23 11.36 17
3 4 95.2 66.64 56 39.2 75.6 52.92 56
4 5 6.64 4.65 8 5.6 7.32 5.12 8
4 6 5.1 3.57 6 4.2 5.55 3.88 6
6 7 15.3 10.71 18 12.6 16.65 11.65 18
7 8 22.88 16.02 26 18.2 24.44 17.11 26
8 9 17.6 12.32 20 14 18.8 13.16 20
9 10 25.32 17.72 12 8.4 18.66 13.06 12
10 11 26.56 18.59 32 22.4 29.28 20.5 32
11 15 23.49 16.44 29 20.3 26.25 18.38 29
12 15 32.24 22.57 13 9.1 22.62 15.83 13
12 13 6.23 4.36 7 4.9 6.62 4.63 7
13 14 6.09 4.26 7 4.9 6.54 4.58 7
12 76 10.92 7.64 12 8.4 11.46 8.02 12
14 16 20.8 14.56 26 18.2 23.4 16.38 26
14 17 32.68 22.88 38 26.6 35.34 24.74 38
17 18 37.72 26.4 41 28.7 39.36 27.55 41
18 19 28.48 19.94 32 22.4 30.24 21.17 32
17 19 45.15 31.6 21 14.7 33.07 23.15 21
18 20 32.3 22.61 38 26.6 35.15 24.6 38
20 21 14.62 10.23 17 11.9 15.81 11.07 17
21 74 39.6 27.72 24 16.8 31.8 22.26 24
21 23 3.32 2.32 4 2.8 3.66 2.56 4
23 24 40.5 28.35 27 18.9 33.75 23.62 27
24 74 13.44 9.41 16 11.2 14.72 10.3 16
24 25 30.6 21.42 17 11.9 23.8 16.66 17
22 25 10.8 7.56 12 8.4 11.4 7.98 12
25 26 13.2 9.24 15 10.5 14.1 9.87 15
25 27 15.66 10.96 18 12.6 16.83 11.78 18
27 28 13.6 9.52 16 11.2 14.8 10.36 16
24 28 48.06 33.64 27 18.9 37.53 26.27 27
29 30 12.74 8.92 14 9.8 13.37 9.36 14
22 30 33.6 23.52 40 28 36.8 25.76 40
30 31 49.3 34.51 58 40.6 53.65 37.55 58
31 32 25.5 17.85 30 21 27.75 19.42 30
31 33 73.53 51.47 43 30.1 58.27 40.79 43
31 34 68.8 48.16 86 60.2 77.4 54.18 86
32 35 21.87 15.31 27 18.9 24.44 17.11 27
32 36 140.25 98.17 75 52.5 107.62 75.33 75
36 37 7.36 5.15 8 5.6 7.68 5.38 8
36 38 19.74 13.82 21 14.7 20.37 14.26 21
38 39 4.15 2.91 5 3.5 4.58 3.21 5
34 38 6.51 4.56 7 4.9 6.76 4.73 7
34 40 13.2 9.24 15 10.5 14.1 9.87 15
39 40 21.42 14.99 9 6.3 15.21 10.65 9
40 41 15.3 10.71 18 12.6 16.65 11.65 18
41 42 9.24 6.47 11 7.7 10.12 7.08 11
42 43 67.08 46.96 78 54.6 72.54 50.78 78
43 44 10.8 7.56 12 8.4 11.4 7.98 12
44 45 9.72 6.8 12 8.4 10.86 7.6 12
43 45 10.92 7.64 13 9.1 11.96 8.37 13
45 46 66 46.2 33 23.1 49.5 34.65 33
46 47 8.7 6.09 10 7 9.35 6.54 10
10 47 132.72 92.9 79 55.3 105.86 74.1 79
46 48 7.38 5.17 9 6.3 8.19 5.73 9
48 49 29.92 20.94 8 5.6 18.96 13.27 8
48 50 8.7 6.09 10 7 9.35 6.54 10
49 51 1.74 1.22 2 1.4 1.87 1.31 2
50 52 9.4 6.58 4 2.8 6.7 4.69 4
51 52 3.52 2.46 4 2.8 3.76 2.63 4
51 53 6.48 4.54 4 2.8 5.24 3.67 4
23 52 102.72 71.9 24 16.8 63.36 44.35 24
18 49 27 18.9 30 21 28.5 19.95 30
54 55 4.98 3.49 6 4.2 5.49 3.84 6
41 55 41.86 29.3 26 18.2 33.93 23.75 26
41 56 12.04 8.43 14 9.8 13.02 9.11 14
56 57 70.98 49.69 78 54.6 74.49 52.14 78
57 58 58 40.6 25 17.5 41.5 29.05 25
10 58 69.42 48.59 78 54.6 73.71 51.6 78
57 59 27.06 18.94 33 23.1 30.03 21.02 33
59 60 31.98 22.39 39 27.3 35.49 24.84 39
59 61 19.32 13.52 23 16.1 21.16 14.81 23
61 62 26.4 18.48 30 21 28.2 19.74 30
62 63 7.65 5.35 9 6.3 8.33 5.83 9
62 64 16.8 11.76 21 14.7 18.9 13.23 21
61 65 13.28 9.3 16 11.2 14.64 10.25 16
65 67 155.7 108.99 45 31.5 100.35 70.24 45
57 68 26.24 18.37 32 22.4 29.12 20.38 32
58 68 17.27 12.09 11 7.7 14.14 9.9 11
3 68 63 44.1 75 52.5 69 48.3 75
69 70 52.64 36.85 56 39.2 54.32 38.02 56
70 71 13.32 9.32 6 4.2 9.66 6.76 6
70 72 4.7 3.29 5 3.5 4.85 3.39 5
71 72 7.8 5.46 5 3.5 6.4 4.48 5
72 73 21.5 15.05 25 17.5 23.25 16.27 25
17 71 385.48 269.84 92 64.4 238.74 167.12 92
55 66 32.4 22.68 36 25.2 34.2 23.94 36
22 74 13.94 9.76 17 11.9 15.47 10.83 17
11 75 6.09 4.26 7 4.9 6.54 4.58 7
19 75 14 9.8 8 5.6 11 7.7 8
14 76 11.18 7.83 13 9.1 12.09 8.46 13
75 76 30.1 21.07 35 24.5 32.55 22.78 35
20 50 1.76 1.23 2 1.4 1.88 1.32 2
43 58 42.84 29.99 28 19.6 35.42 24.79 28
59 66 112.52 78.76 29 20.3 70.76 49.53 29
61 66 27.59 19.31 31 21.7 29.3 20.51 31
