0 1 32 22.4 28.48 19.94 30.24 21.17 32
1 2 14 9.8 11.9 8.33 12.95 9.06 14
1 3 17 11.9 15.98 11.19 16.49 11.54 17
3 4 56 39.2 50.96 35.67 53.48 37.44 56
8 9 20 14 17.2 12.04 18.6 13.02 20
10 11 32 22.4 29.12 20.38 30.56 21.39 32
11 15 29 20.3 24.36 17.05 26.68 18.68 29
12 15 13 9.1 11.44 8.01 12.22 8.55 13
12 13 7 4.9 6.58 4.61 6.79 4.75 7
14 16 26 18.2 21.32 14.92 23.66 16.56 26
14 17 38 26.6 72.96 51.07 55.48 38.84 38
17 18 41 28.7 72.16 50.51 56.58 39.61 41
18 19 32 22.4 28.16 19.71 30.08 21.06 32
18 20 38 26.6 30.78 21.55 34.39 24.07 38
20 21 17 11.9 36.72 25.7 26.86 18.8 17
21 74 24 16.8 44.4 31.08 34.2 23.94 24
22 30 40 28 36.4 25.48 38.2 26.74 40
30 31 58 40.6 48.72 34.1 53.36 37.35 58
31 32 30 21 27.6 19.32 28.8 20.16 30
31 33 43 30.1 186.62 130.63 114.81 80.37 43
31 34 86 60.2 80.84 56.59 83.42 58.39 86
34 40 15 10.5 13.5 9.45 14.25 9.97 15
42 43 78 54.6 71.76 50.23 74.88 52.42 78
43 44 12 8.4 22.2 15.54 17.1 11.97 12
43 45 13 9.1 10.66 7.46 11.83 8.28 13
45 46 33 23.1 26.4 18.48 29.7 20.79 33
46 47 10 7 8.1 5.67 9.05 6.33 10
46 48 9 6.3 8.19 5.73 8.6 6.02 9
48 49 8 5.6 7.28 5.1 7.64 5.35 8
48 50 10 7 9.1 6.37 9.55 6.69 10
49 51 2 1.4 1.86 1.3 1.93 1.35 2
51 53 4 2.8 3.48 2.44 3.74 2.62 4
54 55 6 4.2 5.46 3.82 5.73 4.01 6
41 56 14 9.8 12.88 9.02 13.44 9.41 14
56 57 78 54.6 156 109.2 117 81.9 78
57 58 25 17.5 21 14.7 23 16.1 25
10 58 78 54.6 358.8 251.16 218.4 152.88 78
57 59 33 23.1 74.91 52.44 53.95 37.77 33
59 60 39 27.3 90.09 63.06 64.55 45.18 39
59 61 23 16.1 19.32 13.52 21.16 14.81 23
61 62 30 21 25.8 18.06 27.9 19.53 30
62 64 21 14.7 74.76 52.33 47.88 33.52 21
61 65 16 11.2 13.6 9.52 14.8 10.36 16
65 67 45 31.5 37.35 26.14 41.18 28.83 45
57 68 32 22.4 26.24 18.37 29.12 20.38 32
58 68 11 7.7 9.79 6.85 10.4 7.28 11
3 68 75 52.5 183.75 128.62 129.38 90.57 75
22 74 17 11.9 32.81 22.97 24.9 17.43 17
19 75 8 5.6 7.2 5.04 7.6 5.32 8
20 50 2 1.4 4.44 3.11 3.22 2.25 2
43 58 28 19.6 23.8 16.66 25.9 18.13 28
4 5 8 5.6 6.64 4.65 7.32 5.12 0
4 6 6 4.2 5.52 3.86 5.76 4.03 0
6 7 18 12.6 16.2 11.34 17.1 11.97 0
7 8 26 18.2 58.24 40.77 42.12 29.48 0
9 10 12 8.4 9.96 6.97 10.98 7.69 0
13 14 7 4.9 5.74 4.02 6.37 4.46 0
12 76 12 8.4 11.04 7.73 11.52 8.06 0
17 19 21 14.7 18.69 13.08 19.85 13.89 0
21 23 4 2.8 6.6 4.62 5.3 3.71 0
23 24 27 18.9 44.55 31.18 35.77 25.04 0
24 74 16 11.2 12.96 9.07 14.48 10.14 0
24 25 17 11.9 29.92 20.94 23.46 16.42 0
22 25 12 8.4 10.92 7.64 11.46 8.02 0
25 26 15 10.5 13.65 9.55 14.33 10.03 0
25 27 18 12.6 16.56 11.59 17.28 12.1 0
27 28 16 11.2 14.08 9.86 15.04 10.53 0
24 28 27 18.9 25.65 17.95 26.32 18.42 0
29 30 14 9.8 12.18 8.53 13.09 9.16 0
32 35 27 18.9 43.2 30.24 35.1 24.57 0
32 36 75 52.5 66.75 46.72 70.88 49.62 0
36 37 8 5.6 7.36 5.15 7.68 5.38 0
36 38 21 14.7 43.47 30.43 32.23 22.56 0
38 39 5 3.5 4.55 3.18 4.78 3.35 0
34 38 7 4.9 6.3 4.41 6.65 4.66 0
39 40 9 6.3 7.38 5.17 8.19 5.73 0
40 41 18 12.6 14.94 10.46 16.47 11.53 0
41 42 11 7.7 9.9 6.93 10.45 7.31 0
44 45 12 8.4 11.28 7.9 11.64 8.15 0
10 47 79 55.3 65.57 45.9 72.28 50.6 0
50 52 4 2.8 3.56 2.49 3.78 2.65 0
51 52 4 2.8 3.72 2.6 3.86 2.7 0
23 52 24 16.8 19.68 13.78 21.84 15.29 0
18 49 30 21 47.7 33.39 38.85 27.2 0
41 55 26 18.2 24.18 16.93 25.09 17.56 0
62 63 9 6.3 7.29 5.1 8.14 5.7 0
69 70 56 39.2 52.08 36.46 54.04 37.83 0
70 71 6 4.2 5.1 3.57 5.55 3.88 0
70 72 5 3.5 4.45 3.11 4.73 3.31 0
71 72 5 3.5 4.6 3.22 4.8 3.36 0
72 73 25 17.5 20.75 14.52 22.88 16.02 0
17 71 92 64.4 79.12 55.38 85.56 59.89 0
55 66 36 25.2 31.32 21.92 33.66 23.56 0
11 75 7 4.9 6.37 4.46 6.69 4.68 0
14 76 13 9.1 10.4 7.28 11.7 8.19 0
75 76 35 24.5 30.8 21.56 32.9 23.03 0
59 66 29 20.3 69.6 48.72 49.3 34.51 0
61 66 31 21.7 28.83 20.18 29.92 20.94 0
