0 1 25.92 18.14 32 22.4 28.96 20.27 32
1 2 11.48 8.04 14 9.8 12.74 8.92 14
1 3 28.56 19.99 17 11.9 22.78 15.95 17
3 4 116.48 81.54 56 39.2 86.24 60.37 56
4 5 15.52 10.86 8 5.6 11.76 8.23 8
4 6 12.78 8.95 6 4.2 9.39 6.57 6
6 7 41.58 29.11 18 12.6 29.79 20.85 18
7 8 56.16 39.31 26 18.2 41.08 28.76 26
8 9 18.6 13.02 20 14 19.3 13.51 20
9 10 10.08 7.06 12 8.4 11.04 7.73 12
10 11 29.76 20.83 32 22.4 30.88 21.62 32
11 15 23.78 16.65 29 20.3 26.39 18.47 29
12 15 29.38 20.57 13 9.1 21.19 14.83 13
12 13 5.81 4.07 7 4.9 6.41 4.49 7
13 14 6.51 4.56 7 4.9 6.76 4.73 7
12 76 18 12.6 12 8.4 15 10.5 12
14 16 59.28 41.5 26 18.2 42.64 29.85 26
14 17 33.44 23.41 38 26.6 35.72 25 38
17 18 35.67 24.97 41 28.7 38.34 26.84 41
18 19 108.16 75.71 32 22.4 70.08 49.06 32
17 19 18.27 12.79 21 14.7 19.64 13.75 21
18 20 34.2 23.94 38 26.6 36.1 25.27 38
20 21 30.09 21.06 17 11.9 23.55 16.48 17
21 74 36.72 25.7 24 16.8 30.36 21.25 24
21 23 3.48 2.44 4 2.8 3.74 2.62 4
23 24 24.57 17.2 27 18.9 25.79 18.05 27
24 74 13.44 9.41 16 11.2 14.72 10.3 16
24 25 42.33 29.63 17 11.9 29.67 20.77 17
22 25 10.08 7.06 12 8.4 11.04 7.73 12
25 26 46.35 32.45 15 10.5 30.67 21.47 15
25 27 16.56 11.59 18 12.6 17.28 12.1 18
27 28 13.12 9.18 16 11.2 14.56 10.19 16
24 28 24.3 17.01 27 18.9 25.65 17.95 27
29 30 24.36 17.05 14 9.8 19.18 13.43 14
22 30 88 61.6 40 28 64 44.8 40
30 31 47.56 33.29 58 40.6 52.78 36.95 58
31 32 26.4 18.48 30 21 28.2 19.74 30
31 33 35.26 24.68 43 30.1 39.13 27.39 43
31 34 79.12 55.38 86 60.2 82.56 57.79 86
32 35 23.22 16.25 27 18.9 25.11 17.58 27
32 36 64.5 45.15 75 52.5 69.75 48.82 75
36 37 7.52 5.26 8 5.6 7.76 5.43 8
36 38 19.11 13.38 21 14.7 20.05 14.04 21
38 39 4.45 3.11 5 3.5 4.73 3.31 5
34 38 13.72 9.6 7 4.9 10.36 7.25 7
34 40 28.05 19.63 15 10.5 21.53 15.07 15
39 40 7.29 5.1 9 6.3 8.14 5.7 9
40 41 34.92 24.44 18 12.6 26.46 18.52 18
41 42 10.45 7.31 11 7.7 10.72 7.5 11
42 43 70.2 49.14 78 54.6 74.1 51.87 78
43 44 10.2 7.14 12 8.4 11.1 7.77 12
44 45 28.44 19.91 12 8.4 20.22 14.15 12
43 45 11.96 8.37 13 9.1 12.48 8.74 13
45 46 26.4 18.48 33 23.1 29.7 20.79 33
46 47 8.5 5.95 10 7 9.25 6.47 10
10 47 71.1 49.77 79 55.3 75.05 52.53 79
46 48 7.92 5.54 9 6.3 8.46 5.92 9
48 49 13.44 9.41 8 5.6 10.72 7.5 8
48 50 22.4 15.68 10 7 16.2 11.34 10
49 51 1.74 1.22 2 1.4 1.87 1.31 2
50 52 8.52 5.96 4 2.8 6.26 4.38 4
51 52 3.44 2.41 4 2.8 3.72 2.6 4
51 53 3.6 2.52 4 2.8 3.8 2.66 4
23 52 22.32 15.62 24 16.8 23.16 16.21 24
18 49 26.4 18.48 30 21 28.2 19.74 30
54 55 4.92 3.44 6 4.2 5.46 3.82 6
41 55 24.18 16.93 26 18.2 25.09 17.56 26
41 56 11.9 8.33 14 9.8 12.95 9.06 14
56 57 74.1 51.87 78 54.6 76.05 53.23 78
57 58 39 27.3 25 17.5 32 22.4 25
10 58 71.76 50.23 78 54.6 74.88 52.42 78
57 59 81.84 57.29 33 23.1 57.42 40.19 33
59 60 31.98 22.39 39 27.3 35.49 24.84 39
59 61 20.7 14.49 23 16.1 21.85 15.29 23
61 62 28.2 19.74 30 21 29.1 20.37 30
62 63 8.01 5.61 9 6.3 8.51 5.96 9
62 64 17.85 12.5 21 14.7 19.43 13.6 21
61 65 13.6 9.52 16 11.2 14.8 10.36 16
65 67 41.4 28.98 45 31.5 43.2 30.24 45
57 68 29.76 20.83 32 22.4 30.88 21.62 32
58 68 8.91 6.24 11 7.7 9.96 6.97 11
3 68 142.5 99.75 75 52.5 108.75 76.12 75
69 70 48.72 34.1 56 39.2 52.36 36.65 56
70 71 5.46 3.82 6 4.2 5.73 4.01 6
70 72 7.55 5.28 5 3.5 6.27 4.39 5
71 72 7.7 5.39 5 3.5 6.35 4.44 5
72 73 20.5 14.35 25 17.5 22.75 15.92 25
17 71 87.4 61.18 92 64.4 89.7 62.79 92
55 66 31.68 22.18 36 25.2 33.84 23.69 36
22 74 15.64 10.95 17 11.9 16.32 11.42 17
11 75 6.23 4.36 7 4.9 6.62 4.63 7
19 75 7.36 5.15 8 5.6 7.68 5.38 8
14 76 11.57 8.1 13 9.1 12.29 8.6 13
75 76 78.4 54.88 35 24.5 56.7 39.69 35
20 50 1.62 1.13 2 1.4 1.81 1.27 2
43 58 24.36 17.05 28 19.6 26.18 18.33 28
59 66 72.21 50.55 29 20.3 50.61 35.43 29
61 66 27.28 19.1 31 21.7 29.14 20.4 31
