4 5 21.06 14.74 26 18.2 23.53 16.47 26
5 7 9.2 6.44 10 7 9.6 6.72 10
7 8 34.41 24.09 37 25.9 35.71 25 37
7 10 39.36 27.55 48 33.6 43.68 30.58 48
10 11 75.25 52.67 25 17.5 50.12 35.08 25
11 12 10.56 7.39 12 8.4 11.28 7.9 12
12 13 16.2 11.34 18 12.6 17.1 11.97 18
19 21 9.1 6.37 10 7 9.55 6.69 10
19 23 27.39 19.17 33 23.1 30.2 21.14 33
23 24 8.3 5.81 10 7 9.15 6.41 10
24 26 43.32 30.32 19 13.3 31.16 21.81 19
26 27 5.28 3.7 6 4.2 5.64 3.95 6
27 28 4.3 3.01 5 3.5 4.65 3.25 5
27 29 22.5 15.75 5 3.5 13.75 9.62 5
29 31 22.96 16.07 28 19.6 25.48 17.84 28
10 32 20.4 14.28 24 16.8 22.2 15.54 24
33 138 42.63 29.84 49 34.3 45.82 32.07 49
35 36 16.6 11.62 20 14 18.3 12.81 20
35 37 120.75 84.52 25 17.5 72.88 51.02 25
37 38 4.98 3.49 6 4.2 5.49 3.84 6
38 39 17.1 11.97 18 12.6 17.55 12.29 18
36 42 13.6 9.52 16 11.2 14.8 10.36 16
42 43 28.21 19.75 31 21.7 29.61 20.73 31
43 44 22.96 16.07 14 9.8 18.48 12.94 14
33 44 3.28 2.3 4 2.8 3.64 2.55 4
42 45 18.95 13.26 5 3.5 11.97 8.38 5
32 138 26.39 18.47 13 9.1 19.7 13.79 13
47 48 9 6.3 10 7 9.5 6.65 10
48 139 20.4 14.28 24 16.8 22.2 15.54 24
53 54 8.1 5.67 10 7 9.05 6.33 10
54 55 19.08 13.36 4 2.8 11.54 8.08 4
61 62 6.37 4.46 7 4.9 6.69 4.68 7
62 63 7.47 5.23 9 6.3 8.23 5.76 9
63 64 26.25 18.38 15 10.5 20.62 14.43 15
61 65 32.56 22.79 37 25.9 34.78 24.35 37
65 66 61.05 42.73 33 23.1 47.02 32.91 33
66 67 8.19 5.73 9 6.3 8.6 6.02 9
66 68 3.6 2.52 4 2.8 3.8 2.66 4
68 70 5.04 3.53 6 4.2 5.52 3.86 6
70 71 8.01 5.61 9 6.3 8.51 5.96 9
71 72 43.2 30.24 18 12.6 30.6 21.42 18
43 72 30.6 21.42 36 25.2 33.3 23.31 36
45 76 15.04 10.53 16 11.2 15.52 10.86 16
76 77 13.2 9.24 15 10.5 14.1 9.87 15
77 78 9.84 6.89 12 8.4 10.92 7.64 12
78 79 10.56 7.39 12 8.4 11.28 7.9 12
79 81 31.36 21.95 16 11.2 23.68 16.58 16
81 83 11.57 8.1 13 9.1 12.29 8.6 13
83 84 9.2 6.44 10 7 9.6 6.72 10
84 85 38.8 27.16 20 14 29.4 20.58 20
85 86 3.56 2.49 4 2.8 3.78 2.65 4
94 95 6.56 4.59 8 5.6 7.28 5.1 8
95 96 14.62 10.23 17 11.9 15.81 11.07 17
96 97 2.64 1.85 3 2.1 2.82 1.97 3
101 103 17.64 12.35 21 14.7 19.32 13.52 21
103 104 5.4 3.78 6 4.2 5.7 3.99 6
104 105 28.65 20.05 15 10.5 21.83 15.28 15
105 106 62.16 43.51 28 19.6 45.08 31.56 28
106 107 21.75 15.22 25 17.5 23.38 16.37 25
107 108 235.87 165.11 103 72.1 169.44 118.61 103
106 109 7.6 5.32 8 5.6 7.8 5.46 8
109 110 6.37 4.46 7 4.9 6.69 4.68 7
109 111 10.79 7.55 13 9.1 11.89 8.32 13
106 111 55.12 38.58 13 9.1 34.06 23.84 13
111 112 7.76 5.43 4 2.8 5.88 4.12 4
112 113 10.2 7.14 12 8.4 11.1 7.77 12
0 115 16.2 11.34 18 12.6 17.1 11.97 18
115 116 15.39 10.77 19 13.3 17.2 12.04 19
1 116 14.72 10.3 16 11.2 15.36 10.75 16
116 118 50.88 35.62 24 16.8 37.44 26.21 24
113 117 53.94 37.76 58 40.6 55.97 39.18 58
123 125 9.13 6.39 11 7.7 10.07 7.05 11
125 129 30.8 21.56 35 24.5 32.9 23.03 35
54 139 12.74 8.92 14 9.8 13.37 9.36 14
10 26 47 32.9 50 35 48.5 33.95 50
5 6 50.61 35.43 21 14.7 35.8 25.06 0
8 9 10.2 7.14 12 8.4 11.1 7.77 0
9 14 11.18 7.83 13 9.1 12.09 8.46 0
14 15 6.8 4.76 8 5.6 7.4 5.18 0
14 16 11.83 8.28 13 9.1 12.42 8.69 0
12 16 5.64 3.95 6 4.2 5.82 4.07 0
12 15 9.72 6.8 12 8.4 10.86 7.6 0
16 17 18.72 13.1 8 5.6 13.36 9.35 0
17 18 5.4 3.78 6 4.2 5.7 3.99 0
9 18 24.36 17.05 28 19.6 26.18 18.33 0
11 19 27.2 19.04 34 23.8 30.6 21.42 0
19 20 49.3 34.51 58 40.6 53.65 37.55 0
20 22 47.85 33.49 55 38.5 51.43 36 0
22 23 104.72 73.3 56 39.2 80.36 56.25 0
24 25 39.84 27.89 48 33.6 43.92 30.74 0
22 25 18.8 13.16 20 14 19.4 13.58 0
29 30 38.54 26.98 41 28.7 39.77 27.84 0
25 30 10.92 7.64 12 8.4 11.46 8.02 0
28 32 43.68 30.58 52 36.4 47.84 33.49 0
33 34 136.29 95.4 59 41.3 97.64 68.35 0
34 35 3.72 2.6 4 2.8 3.86 2.7 0
34 36 13.6 9.52 17 11.9 15.3 10.71 0
39 40 10.68 7.48 12 8.4 11.34 7.94 0
37 40 23.5 16.45 10 7 16.75 11.72 0
40 46 81.18 56.83 99 69.3 90.09 63.06 0
36 41 37.4 26.18 17 11.9 27.2 19.04 0
41 42 4.75 3.32 5 3.5 4.88 3.42 0
41 46 3.56 2.49 4 2.8 3.78 2.65 0
45 46 6.51 4.56 7 4.9 6.76 4.73 0
47 138 46.55 32.58 49 34.3 47.77 33.44 0
47 49 7.52 5.26 8 5.6 7.76 5.43 0
49 50 24.6 17.22 30 21 27.3 19.11 0
50 51 23.4 16.38 12 8.4 17.7 12.39 0
51 52 10.68 7.48 12 8.4 11.34 7.94 0
52 139 46.8 32.76 24 16.8 35.4 24.78 0
55 56 40.67 28.47 49 34.3 44.84 31.39 0
56 57 18 12.6 20 14 19 13.3 0
57 58 35.2 24.64 40 28 37.6 26.32 0
58 59 32.04 22.43 18 12.6 25.02 17.51 0
44 59 13.2 9.24 15 10.5 14.1 9.87 0
59 60 32.9 23.03 35 24.5 33.95 23.77 0
58 60 27.59 19.31 31 21.7 29.3 20.51 0
48 60 11.05 7.74 13 9.1 12.03 8.42 0
56 61 12.74 8.92 14 9.8 13.37 9.36 0
55 64 49.5 34.65 30 21 39.75 27.82 0
68 69 7.2 5.04 8 5.6 7.6 5.32 0
69 70 7.74 5.42 9 6.3 8.37 5.86 0
71 73 29.1 20.37 15 10.5 22.05 15.43 0
72 73 4.2 2.94 5 3.5 4.6 3.22 0
70 74 33.84 23.69 36 25.2 34.92 24.44 0
74 75 38.54 26.98 47 32.9 42.77 29.94 0
73 75 23.22 16.25 27 18.9 25.11 17.58 0
75 76 8.3 5.81 10 7 9.15 6.41 0
78 80 8.55 5.99 9 6.3 8.78 6.15 0
79 80 9 6.3 10 7 9.5 6.65 0
81 82 21.5 15.05 10 7 15.75 11.02 0
80 82 14.79 10.35 17 11.9 15.9 11.13 0
82 83 15.66 10.96 18 12.6 16.83 11.78 0
85 87 31.02 21.71 33 23.1 32.01 22.41 0
87 88 63.42 44.39 14 9.8 38.71 27.1 0
87 89 18.96 13.27 12 8.4 15.48 10.84 0
89 90 28.56 19.99 7 4.9 17.78 12.45 0
67 89 54.94 38.46 67 46.9 60.97 42.68 0
65 90 64.17 44.92 69 48.3 66.59 46.61 0
88 91 9.4 6.58 10 7 9.7 6.79 0
81 91 63.96 44.77 26 18.2 44.98 31.49 0
83 91 23.78 16.65 29 20.3 26.39 18.47 0
63 92 26.04 18.23 28 19.6 27.02 18.91 0
62 92 22.25 15.57 25 17.5 23.62 16.53 0
92 93 14.79 10.35 17 11.9 15.9 11.13 0
93 94 39.69 27.78 49 34.3 44.34 31.04 0
95 98 8 5.6 10 7 9 6.3 0
96 98 71.41 49.99 37 25.9 54.2 37.94 0
98 99 28.71 20.1 33 23.1 30.86 21.6 0
93 99 13.77 9.64 17 11.9 15.38 10.77 0
93 100 13.12 9.18 4 2.8 8.56 5.99 0
65 100 45.08 31.56 28 19.6 36.54 25.58 0
100 101 15.47 10.83 17 11.9 16.23 11.36 0
101 102 94.5 66.15 42 29.4 68.25 47.77 0
90 102 24.3 17.01 27 18.9 25.65 17.95 0
105 107 30.78 21.55 38 26.6 34.39 24.07 0
102 112 40.94 28.66 46 32.2 43.47 30.43 0
113 114 33.84 23.69 36 25.2 34.92 24.44 0
114 115 23.1 16.17 10 7 16.55 11.58 0
114 116 18.2 12.74 20 14 19.1 13.37 0
116 117 41.16 28.81 49 34.3 45.08 31.56 0
118 119 13.3 9.31 14 9.8 13.65 9.55 0
90 117 29.4 20.58 35 24.5 32.2 22.54 0
117 120 14.79 10.35 17 11.9 15.9 11.13 0
119 120 36.16 25.31 16 11.2 26.08 18.26 0
120 121 18.72 13.1 8 5.6 13.36 9.35 0
86 121 48.45 33.91 15 10.5 31.73 22.21 0
121 122 12.15 8.5 15 10.5 13.58 9.51 0
122 123 25.23 17.66 29 20.3 27.12 18.98 0
119 122 26.24 18.37 32 22.4 29.12 20.38 0
122 124 30.08 21.06 32 22.4 31.04 21.73 0
3 123 59.63 41.74 67 46.9 63.32 44.32 0
125 126 13.65 9.55 15 10.5 14.33 10.03 0
126 127 18.7 13.09 22 15.4 20.35 14.24 0
2 127 95.94 67.16 41 28.7 68.47 47.93 0
127 128 20.01 14.01 23 16.1 21.51 15.06 0
126 128 9.13 6.39 11 7.7 10.07 7.05 0
125 130 22.1 15.47 26 18.2 24.05 16.84 0
130 131 4.5 3.15 5 3.5 4.75 3.32 0
131 132 30.31 21.22 7 4.9 18.66 13.06 0
132 133 39.6 27.72 10 7 24.8 17.36 0
132 134 17.29 12.1 19 13.3 18.15 12.7 0
133 134 13.3 9.31 14 9.8 13.65 9.55 0
133 135 28.21 19.75 31 21.7 29.61 20.73 0
135 136 139.78 97.85 29 20.3 84.39 59.07 0
135 137 10.7 7.49 5 3.5 7.85 5.49 0
130 137 43.24 30.27 47 32.9 45.12 31.58 0
124 137 16.6 11.62 20 14 18.3 12.81 0
53 139 14.4 10.08 18 12.6 16.2 11.34 0
57 69 9.46 6.62 11 7.7 10.23 7.16 0
