4 5 128.44 89.91 26 18.2 77.22 54.05 26
5 7 9.4 6.58 10 7 9.7 6.79 10
7 8 34.41 24.09 37 25.9 35.71 25 37
7 10 39.84 27.89 48 33.6 43.92 30.74 48
10 11 23 16.1 25 17.5 24 16.8 25
11 12 11.28 7.9 12 8.4 11.64 8.15 12
12 13 15.12 10.58 18 12.6 16.56 11.59 18
9 14 10.53 7.37 13 9.1 11.77 8.24 13
14 15 39.28 27.5 8 5.6 23.64 16.55 8
14 16 11.96 8.37 13 9.1 12.48 8.74 13
12 16 4.92 3.44 6 4.2 5.46 3.82 6
12 15 11.4 7.98 12 8.4 11.7 8.19 12
16 17 6.64 4.65 8 5.6 7.32 5.12 8
9 18 66.64 46.65 28 19.6 47.32 33.12 28
11 19 30.6 21.42 34 23.8 32.3 22.61 34
19 20 49.3 34.51 58 40.6 53.65 37.55 58
19 21 9.5 6.65 10 7 9.75 6.82 10
19 23 30.03 21.02 33 23.1 31.52 22.06 33
22 23 52.08 36.46 56 39.2 54.04 37.83 56
23 24 8.5 5.95 10 7 9.25 6.47 10
24 25 40.8 28.56 48 33.6 44.4 31.08 48
24 26 16.91 11.84 19 13.3 17.96 12.57 19
26 27 4.8 3.36 6 4.2 5.4 3.78 6
27 28 9.85 6.89 5 3.5 7.42 5.19 5
27 29 4.3 3.01 5 3.5 4.65 3.25 5
29 30 36.49 25.54 41 28.7 38.75 27.12 41
29 31 23.52 16.46 28 19.6 25.76 18.03 28
28 32 46.8 32.76 52 36.4 49.4 34.58 52
10 32 49.2 34.44 24 16.8 36.6 25.62 24
33 138 44.1 30.87 49 34.3 46.55 32.58 49
33 34 50.74 35.52 59 41.3 54.87 38.41 59
34 35 3.36 2.35 4 2.8 3.68 2.58 4
34 36 15.81 11.07 17 11.9 16.41 11.49 17
35 36 33.6 23.52 20 14 26.8 18.76 20
35 37 22.5 15.75 25 17.5 23.75 16.62 25
37 38 5.64 3.95 6 4.2 5.82 4.07 6
38 39 16.2 11.34 18 12.6 17.1 11.97 18
39 40 10.56 7.39 12 8.4 11.28 7.9 12
37 40 9.3 6.51 10 7 9.65 6.75 10
40 46 84.15 58.91 99 69.3 91.58 64.11 99
36 41 15.64 10.95 17 11.9 16.32 11.42 17
41 42 19 13.3 5 3.5 12 8.4 5
36 42 13.44 9.41 16 11.2 14.72 10.3 16
42 43 26.04 18.23 31 21.7 28.52 19.96 31
43 44 11.76 8.23 14 9.8 12.88 9.02 14
33 44 3.76 2.63 4 2.8 3.88 2.72 4
41 46 6.24 4.37 4 2.8 5.12 3.58 4
45 46 6.02 4.21 7 4.9 6.51 4.56 7
42 45 9.9 6.93 5 3.5 7.45 5.21 5
32 138 11.83 8.28 13 9.1 12.42 8.69 13
47 48 23.5 16.45 10 7 16.75 11.72 10
47 49 7.04 4.93 8 5.6 7.52 5.26 8
49 50 27.3 19.11 30 21 28.65 20.05 30
50 51 27.84 19.49 12 8.4 19.92 13.94 12
51 52 10.56 7.39 12 8.4 11.28 7.9 12
52 139 21.84 15.29 24 16.8 22.92 16.04 24
48 139 52.56 36.79 24 16.8 38.28 26.8 24
53 54 8.6 6.02 10 7 9.3 6.51 10
54 55 3.52 2.46 4 2.8 3.76 2.63 4
55 56 111.72 78.2 49 34.3 80.36 56.25 49
56 57 16.4 11.48 20 14 18.2 12.74 20
57 58 96 67.2 40 28 68 47.6 40
58 59 16.74 11.72 18 12.6 17.37 12.16 18
44 59 57.45 40.21 15 10.5 36.23 25.36 15
59 60 31.85 22.29 35 24.5 33.43 23.4 35
58 60 58.59 41.01 31 21.7 44.79 31.35 31
48 60 31.07 21.75 13 9.1 22.04 15.43 13
56 61 25.76 18.03 14 9.8 19.88 13.92 14
61 62 5.95 4.17 7 4.9 6.48 4.54 7
62 63 7.83 5.48 9 6.3 8.42 5.89 9
63 64 13.95 9.76 15 10.5 14.48 10.14 15
61 65 33.67 23.57 37 25.9 35.34 24.74 37
65 66 61.05 42.73 33 23.1 47.02 32.91 33
66 67 7.74 5.42 9 6.3 8.37 5.86 9
66 68 3.4 2.38 4 2.8 3.7 2.59 4
68 69 7.04 4.93 8 5.6 7.52 5.26 8
69 70 8.37 5.86 9 6.3 8.69 6.08 9
68 70 9.72 6.8 6 4.2 7.86 5.5 6
70 71 7.74 5.42 9 6.3 8.37 5.86 9
71 72 14.76 10.33 18 12.6 16.38 11.47 18
71 73 14.1 9.87 15 10.5 14.55 10.19 15
72 73 4.6 3.22 5 3.5 4.8 3.36 5
43 72 31.68 22.18 36 25.2 33.84 23.69 36
70 74 32.04 22.43 36 25.2 34.02 23.81 36
74 75 39.48 27.64 47 32.9 43.24 30.27 47
73 75 22.14 15.5 27 18.9 24.57 17.2 27
75 76 9.4 6.58 10 7 9.7 6.79 10
45 76 27.04 18.93 16 11.2 21.52 15.06 16
76 77 12.6 8.82 15 10.5 13.8 9.66 15
77 78 9.6 6.72 12 8.4 10.8 7.56 12
78 79 10.68 7.48 12 8.4 11.34 7.94 12
78 80 8.46 5.92 9 6.3 8.73 6.11 9
79 80 21 14.7 10 7 15.5 10.85 10
79 81 31.2 21.84 16 11.2 23.6 16.52 16
81 82 8.8 6.16 10 7 9.4 6.58 10
80 82 15.81 11.07 17 11.9 16.41 11.49 17
81 83 12.09 8.46 13 9.1 12.55 8.79 13
82 83 15.66 10.96 18 12.6 16.83 11.78 18
83 84 24.6 17.22 10 7 17.3 12.11 10
84 85 32.8 22.96 20 14 26.4 18.48 20
85 86 3.36 2.35 4 2.8 3.68 2.58 4
88 91 8.3 5.81 10 7 9.15 6.41 10
81 91 22.36 15.65 26 18.2 24.18 16.93 26
83 91 25.52 17.86 29 20.3 27.26 19.08 29
63 92 22.68 15.88 28 19.6 25.34 17.74 28
62 92 22.5 15.75 25 17.5 23.75 16.62 25
94 95 6.8 4.76 8 5.6 7.4 5.18 8
95 96 13.6 9.52 17 11.9 15.3 10.71 17
96 97 2.4 1.68 3 2.1 2.7 1.89 3
95 98 9.4 6.58 10 7 9.7 6.79 10
96 98 34.78 24.35 37 25.9 35.89 25.12 37
98 99 78.54 54.98 33 23.1 55.77 39.04 33
101 103 19.11 13.38 21 14.7 20.05 14.04 21
103 104 5.52 3.86 6 4.2 5.76 4.03 6
104 105 29.1 20.37 15 10.5 22.05 15.43 15
105 106 25.48 17.84 28 19.6 26.74 18.72 28
106 107 57.5 40.25 25 17.5 41.25 28.87 25
105 107 35.72 25 38 26.6 36.86 25.8 38
107 108 84.46 59.12 103 72.1 93.73 65.61 103
106 109 19.68 13.78 8 5.6 13.84 9.69 8
109 110 6.23 4.36 7 4.9 6.62 4.63 7
109 111 12.09 8.46 13 9.1 12.55 8.79 13
106 111 11.44 8.01 13 9.1 12.22 8.55 13
111 112 3.2 2.24 4 2.8 3.6 2.52 4
102 112 113.62 79.53 46 32.2 79.81 55.87 46
112 113 10.92 7.64 12 8.4 11.46 8.02 12
113 114 29.88 20.92 36 25.2 32.94 23.06 36
114 115 8.7 6.09 10 7 9.35 6.54 10
0 115 16.38 11.47 18 12.6 17.19 12.03 18
115 116 17.1 11.97 19 13.3 18.05 12.63 19
114 116 18.2 12.74 20 14 19.1 13.37 20
1 116 12.96 9.07 16 11.2 14.48 10.14 16
116 117 229.81 160.87 49 34.3 139.41 97.59 49
116 118 44.64 31.25 24 16.8 34.32 24.02 24
118 119 12.04 8.43 14 9.8 13.02 9.11 14
113 117 223.3 156.31 58 40.6 140.65 98.45 58
3 123 55.61 38.93 67 46.9 61.3 42.91 67
123 125 9.13 6.39 11 7.7 10.07 7.05 11
125 126 13.2 9.24 15 10.5 14.1 9.87 15
126 127 47.74 33.42 22 15.4 34.87 24.41 22
2 127 38.95 27.27 41 28.7 39.98 27.99 41
127 128 21.62 15.13 23 16.1 22.31 15.62 23
126 128 25.74 18.02 11 7.7 18.37 12.86 11
125 129 82.95 58.06 35 24.5 58.98 41.29 35
125 130 21.84 15.29 26 18.2 23.92 16.74 26
130 131 4.55 3.18 5 3.5 4.78 3.35 5
131 132 14.63 10.24 7 4.9 10.81 7.57 7
132 133 8.8 6.16 10 7 9.4 6.58 10
132 134 17.67 12.37 19 13.3 18.34 12.84 19
133 134 11.62 8.13 14 9.8 12.81 8.97 14
133 135 28.52 19.96 31 21.7 29.76 20.83 31
135 136 65.83 46.08 29 20.3 47.41 33.19 29
135 137 4.05 2.83 5 3.5 4.53 3.17 5
130 137 73.32 51.32 47 32.9 60.16 42.11 47
124 137 42.6 29.82 20 14 31.3 21.91 20
54 139 32.06 22.44 14 9.8 23.03 16.12 14
53 139 16.02 11.21 18 12.6 17.01 11.91 18
10 26 46.5 32.55 50 35 48.25 33.77 50
57 69 25.52 17.86 11 7.7 18.26 12.78 11
5 6 19.53 13.67 21 14.7 20.27 14.19 0
8 9 11.16 7.81 12 8.4 11.58 8.11 0
17 18 14.7 10.29 6 4.2 10.35 7.24 0
20 22 45.65 31.95 55 38.5 50.33 35.23 0
22 25 16.6 11.62 20 14 18.3 12.81 0
25 30 9.6 6.72 12 8.4 10.8 7.56 0
47 138 40.18 28.13 49 34.3 44.59 31.21 0
55 64 27.3 19.11 30 21 28.65 20.05 0
85 87 29.04 20.33 33 23.1 31.02 21.71 0
87 88 12.74 8.92 14 9.8 13.37 9.36 0
87 89 24.72 17.3 12 8.4 18.36 12.85 0
89 90 6.16 4.31 7 4.9 6.58 4.61 0
67 89 54.94 38.46 67 46.9 60.97 42.68 0
65 90 62.1 43.47 69 48.3 65.55 45.88 0
92 93 14.79 10.35 17 11.9 15.9 11.13 0
93 94 46.55 32.58 49 34.3 47.77 33.44 0
93 99 84.32 59.02 17 11.9 50.66 35.46 0
93 100 7.84 5.49 4 2.8 5.92 4.14 0
65 100 45.36 31.75 28 19.6 36.68 25.68 0
100 101 14.11 9.88 17 11.9 15.55 10.88 0
101 102 157.5 110.25 42 29.4 99.75 69.82 0
90 102 58.59 41.01 27 18.9 42.8 29.96 0
90 117 28.35 19.84 35 24.5 31.68 22.18 0
117 120 15.81 11.07 17 11.9 16.41 11.49 0
119 120 14.72 10.3 16 11.2 15.36 10.75 0
120 121 7.36 5.15 8 5.6 7.68 5.38 0
86 121 31.05 21.73 15 10.5 23.02 16.11 0
121 122 28.65 20.05 15 10.5 21.83 15.28 0
122 123 130.21 91.15 29 20.3 79.61 55.73 0
119 122 29.44 20.61 32 22.4 30.72 21.5 0
122 124 27.84 19.49 32 22.4 29.92 20.94 0
