4 5 24.7 17.29 26 18.2 25.35 17.75 26
5 7 8.7 6.09 10 7 9.35 6.54 10
7 8 31.45 22.01 37 25.9 34.23 23.96 37
7 10 45.6 31.92 48 33.6 46.8 32.76 48
10 11 20.25 14.17 25 17.5 22.62 15.83 25
11 12 18.96 13.27 12 8.4 15.48 10.84 12
12 13 16.38 11.47 18 12.6 17.19 12.03 18
12 15 10.92 7.64 12 8.4 11.46 8.02 12
9 18 117.88 82.52 28 19.6 72.94 51.06 28
11 19 27.54 19.28 34 23.8 30.77 21.54 34
19 20 203 142.1 58 40.6 130.5 91.35 58
19 21 8.2 5.74 10 7 9.1 6.37 10
19 23 30.69 21.48 33 23.1 31.85 22.29 33
22 23 241.36 168.95 56 39.2 148.68 104.08 56
23 24 8.9 6.23 10 7 9.45 6.61 10
24 25 45.6 31.92 48 33.6 46.8 32.76 48
24 26 17.1 11.97 19 13.3 18.05 12.63 19
26 27 5.28 3.7 6 4.2 5.64 3.95 6
27 28 22.95 16.06 5 3.5 13.97 9.78 5
27 29 8.7 6.09 5 3.5 6.85 4.79 5
29 30 79.95 55.96 41 28.7 60.48 42.34 41
29 31 22.4 15.68 28 19.6 25.2 17.64 28
28 32 44.72 31.3 52 36.4 48.36 33.85 52
10 32 45.12 31.58 24 16.8 34.56 24.19 24
33 138 46.55 32.58 49 34.3 47.77 33.44 49
33 34 206.5 144.55 59 41.3 132.75 92.92 59
34 35 8.36 5.85 4 2.8 6.18 4.33 4
34 36 15.13 10.59 17 11.9 16.07 11.25 17
35 36 16.8 11.76 20 14 18.4 12.88 20
35 37 23.25 16.27 25 17.5 24.13 16.89 25
37 38 5.1 3.57 6 4.2 5.55 3.88 6
38 39 67.68 47.38 18 12.6 42.84 29.99 18
39 40 11.16 7.81 12 8.4 11.58 8.11 12
37 40 8.4 5.88 10 7 9.2 6.44 10
40 46 466.29 326.4 99 69.3 282.64 197.85 99
36 41 15.98 11.19 17 11.9 16.49 11.54 17
41 42 4.2 2.94 5 3.5 4.6 3.22 5
36 42 31.36 21.95 16 11.2 23.68 16.58 16
42 43 27.9 19.53 31 21.7 29.45 20.61 31
43 44 12.88 9.02 14 9.8 13.44 9.41 14
33 44 3.64 2.55 4 2.8 3.82 2.67 4
41 46 3.6 2.52 4 2.8 3.8 2.66 4
45 46 6.58 4.61 7 4.9 6.79 4.75 7
42 45 8.45 5.91 5 3.5 6.72 4.7 5
32 138 12.09 8.46 13 9.1 12.55 8.79 13
47 48 9.4 6.58 10 7 9.7 6.79 10
47 49 12.24 8.57 8 5.6 10.12 7.08 8
49 50 25.2 17.64 30 21 27.6 19.32 30
51 52 10.32 7.22 12 8.4 11.16 7.81 12
52 139 20.88 14.62 24 16.8 22.44 15.71 24
48 139 19.44 13.61 24 16.8 21.72 15.2 24
53 54 8.7 6.09 10 7 9.35 6.54 10
54 55 9.92 6.94 4 2.8 6.96 4.87 4
55 56 40.67 28.47 49 34.3 44.84 31.39 49
56 57 16.8 11.76 20 14 18.4 12.88 20
57 58 34.4 24.08 40 28 37.2 26.04 40
58 59 16.38 11.47 18 12.6 17.19 12.03 18
44 59 12.75 8.92 15 10.5 13.88 9.72 15
59 60 29.75 20.82 35 24.5 32.38 22.67 35
58 60 64.17 44.92 31 21.7 47.59 33.31 31
48 60 20.02 14.01 13 9.1 16.51 11.56 13
56 61 24.5 17.15 14 9.8 19.25 13.47 14
61 62 5.67 3.97 7 4.9 6.33 4.43 7
62 63 8.46 5.92 9 6.3 8.73 6.11 9
63 64 13.65 9.55 15 10.5 14.33 10.03 15
61 65 152.07 106.45 37 25.9 94.54 66.18 37
65 66 27.39 19.17 33 23.1 30.2 21.14 33
66 67 16.47 11.53 9 6.3 12.73 8.91 9
66 68 3.4 2.38 4 2.8 3.7 2.59 4
68 69 13.04 9.13 8 5.6 10.52 7.36 8
69 70 7.56 5.29 9 6.3 8.28 5.8 9
68 70 11.64 8.15 6 4.2 8.82 6.17 6
70 71 8.28 5.8 9 6.3 8.64 6.05 9
71 72 14.4 10.08 18 12.6 16.2 11.34 18
71 73 12.9 9.03 15 10.5 13.95 9.76 15
72 73 4.5 3.15 5 3.5 4.75 3.32 5
43 72 33.48 23.44 36 25.2 34.74 24.32 36
74 75 39.95 27.96 47 32.9 43.48 30.44 47
73 75 25.65 17.95 27 18.9 26.32 18.42 27
75 76 9.1 6.37 10 7 9.55 6.69 10
45 76 14.88 10.42 16 11.2 15.44 10.81 16
76 77 25.05 17.54 15 10.5 20.02 14.01 15
77 78 10.8 7.56 12 8.4 11.4 7.98 12
78 79 10.68 7.48 12 8.4 11.34 7.94 12
78 80 8.19 5.73 9 6.3 8.6 6.02 9
79 80 17.3 12.11 10 7 13.65 9.55 10
79 81 13.6 9.52 16 11.2 14.8 10.36 16
81 82 9.2 6.44 10 7 9.6 6.72 10
80 82 14.96 10.47 17 11.9 15.98 11.19 17
81 83 11.05 7.74 13 9.1 12.03 8.42 13
82 83 16.2 11.34 18 12.6 17.1 11.97 18
83 84 9.5 6.65 10 7 9.75 6.82 10
84 85 18.4 12.88 20 14 19.2 13.44 20
85 86 8.36 5.85 4 2.8 6.18 4.33 4
88 91 8.6 6.02 10 7 9.3 6.51 10
81 91 57.72 40.4 26 18.2 41.86 29.3 26
63 92 60.2 42.14 28 19.6 44.1 30.87 28
62 92 51.25 35.88 25 17.5 38.12 26.68 25
94 95 7.36 5.15 8 5.6 7.68 5.38 8
95 96 15.98 11.19 17 11.9 16.49 11.54 17
96 97 2.55 1.78 3 2.1 2.78 1.95 3
95 98 22.7 15.89 10 7 16.35 11.45 10
96 98 32.56 22.79 37 25.9 34.78 24.35 37
98 99 66.66 46.66 33 23.1 49.83 34.88 33
101 103 17.22 12.05 21 14.7 19.11 13.38 21
103 104 5.28 3.7 6 4.2 5.64 3.95 6
104 105 12.45 8.71 15 10.5 13.73 9.61 15
105 106 24.08 16.86 28 19.6 26.04 18.23 28
106 107 23 16.1 25 17.5 24 16.8 25
105 107 32.68 22.88 38 26.6 35.34 24.74 38
107 108 92.7 64.89 103 72.1 97.85 68.49 103
106 109 6.4 4.48 8 5.6 7.2 5.04 8
109 110 6.02 4.21 7 4.9 6.51 4.56 7
109 111 10.92 7.64 13 9.1 11.96 8.37 13
106 111 61.75 43.22 13 9.1 37.38 26.17 13
111 112 6.16 4.31 4 2.8 5.08 3.56 4
102 112 39.1 27.37 46 32.2 42.55 29.78 46
112 113 11.16 7.81 12 8.4 11.58 8.11 12
0 115 17.1 11.97 18 12.6 17.55 12.29 18
115 116 15.77 11.04 19 13.3 17.39 12.17 19
1 116 77.44 54.21 16 11.2 46.72 32.7 16
116 117 45.57 31.9 49 34.3 47.29 33.1 49
116 118 51.6 36.12 24 16.8 37.8 26.46 24
113 117 48.72 34.1 58 40.6 53.36 37.35 58
3 123 59.63 41.74 67 46.9 63.32 44.32 67
123 125 10.34 7.24 11 7.7 10.67 7.47 11
125 126 13.05 9.13 15 10.5 14.03 9.82 15
126 127 46.2 32.34 22 15.4 34.1 23.87 22
2 127 97.99 68.59 41 28.7 69.5 48.65 41
127 128 21.62 15.13 23 16.1 22.31 15.62 23
126 128 10.12 7.08 11 7.7 10.56 7.39 11
125 129 118.3 82.81 35 24.5 76.65 53.66 35
125 130 22.36 15.65 26 18.2 24.18 16.93 26
130 131 9.15 6.41 5 3.5 7.08 4.96 5
131 132 6.37 4.46 7 4.9 6.69 4.68 7
132 133 15.2 10.64 10 7 12.6 8.82 10
132 134 17.48 12.24 19 13.3 18.24 12.77 19
133 134 11.76 8.23 14 9.8 12.88 9.02 14
133 135 28.21 19.75 31 21.7 29.61 20.73 31
135 136 25.52 17.86 29 20.3 27.26 19.08 29
135 137 9.2 6.44 5 3.5 7.1 4.97 5
130 137 37.6 26.32 47 32.9 42.3 29.61 47
124 137 18.8 13.16 20 14 19.4 13.58 20
54 139 13.02 9.11 14 9.8 13.51 9.46 14
53 139 14.4 10.08 18 12.6 16.2 11.34 18
10 26 43.5 30.45 50 35 46.75 32.73 50
57 69 9.13 6.39 11 7.7 10.07 7.05 11
5 6 19.95 13.96 21 14.7 20.47 14.33 0
8 9 11.28 7.9 12 8.4 11.64 8.15 0
9 14 27.95 19.56 13 9.1 20.47 14.33 0
14 15 7.52 5.26 8 5.6 7.76 5.43 0
14 16 31.59 22.11 13 9.1 22.3 15.61 0
12 16 5.16 3.61 6 4.2 5.58 3.91 0
16 17 6.8 4.76 8 5.6 7.4 5.18 0
17 18 5.04 3.53 6 4.2 5.52 3.86 0
20 22 47.3 33.11 55 38.5 51.15 35.8 0
22 25 33.8 23.66 20 14 26.9 18.83 0
25 30 11.16 7.81 12 8.4 11.58 8.11 0
47 138 103.39 72.37 49 34.3 76.19 53.33 0
50 51 9.72 6.8 12 8.4 10.86 7.6 0
55 64 25.8 18.06 30 21 27.9 19.53 0
70 74 33.12 23.18 36 25.2 34.56 24.19 0
85 87 31.35 21.95 33 23.1 32.17 22.52 0
87 88 11.48 8.04 14 9.8 12.74 8.92 0
87 89 11.28 7.9 12 8.4 11.64 8.15 0
89 90 6.02 4.21 7 4.9 6.51 4.56 0
67 89 124.62 87.23 67 46.9 95.81 67.07 0
65 90 65.55 45.88 69 48.3 67.27 47.09 0
83 91 23.49 16.44 29 20.3 26.25 18.38 0
92 93 14.11 9.88 17 11.9 15.55 10.88 0
93 94 40.18 28.13 49 34.3 44.59 31.21 0
93 99 29.75 20.82 17 11.9 23.38 16.37 0
93 100 3.36 2.35 4 2.8 3.68 2.58 0
65 100 26.04 18.23 28 19.6 27.02 18.91 0
100 101 13.77 9.64 17 11.9 15.38 10.77 0
101 102 34.02 23.81 42 29.4 38.01 26.61 0
90 102 122.31 85.62 27 18.9 74.66 52.26 0
113 114 33.12 23.18 36 25.2 34.56 24.19 0
114 115 8 5.6 10 7 9 6.3 0
114 116 17.8 12.46 20 14 18.9 13.23 0
118 119 12.18 8.53 14 9.8 13.09 9.16 0
90 117 29.4 20.58 35 24.5 32.2 22.54 0
117 120 14.96 10.47 17 11.9 15.98 11.19 0
119 120 12.8 8.96 16 11.2 14.4 10.08 0
120 121 6.48 4.54 8 5.6 7.24 5.07 0
86 121 13.95 9.76 15 10.5 14.48 10.14 0
121 122 12.9 9.03 15 10.5 13.95 9.76 0
122 123 24.94 17.46 29 20.3 26.97 18.88 0
119 122 28.48 19.94 32 22.4 30.24 21.17 0
122 124 29.12 20.38 32 22.4 30.56 21.39 0
