4 5 21.58 15.11 26 18.2 23.79 16.65 26
5 7 9.5 6.65 10 7 9.75 6.82 10
7 8 33.67 23.57 37 25.9 35.34 24.74 37
7 10 43.68 30.58 48 33.6 45.84 32.09 48
10 11 49.75 34.82 25 17.5 37.38 26.17 25
11 12 9.96 6.97 12 8.4 10.98 7.69 12
12 13 15.12 10.58 18 12.6 16.56 11.59 18
19 21 9.5 6.65 10 7 9.75 6.82 10
19 23 30.03 21.02 33 23.1 31.52 22.06 33
23 24 8.1 5.67 10 7 9.05 6.33 10
24 26 16.34 11.44 19 13.3 17.67 12.37 19
26 27 5.4 3.78 6 4.2 5.7 3.99 6
27 28 4.4 3.08 5 3.5 4.7 3.29 5
27 29 8.25 5.77 5 3.5 6.62 4.63 5
29 31 88.76 62.13 28 19.6 58.38 40.87 28
10 32 20.16 14.11 24 16.8 22.08 15.46 24
33 138 40.18 28.13 49 34.3 44.59 31.21 49
35 36 17.2 12.04 20 14 18.6 13.02 20
35 37 21.75 15.22 25 17.5 23.38 16.37 25
37 38 5.1 3.57 6 4.2 5.55 3.88 6
38 39 16.2 11.34 18 12.6 17.1 11.97 18
36 42 15.04 10.53 16 11.2 15.52 10.86 16
42 43 70.99 49.69 31 21.7 50.99 35.69 31
43 44 26.04 18.23 14 9.8 20.02 14.01 14
33 44 8.16 5.71 4 2.8 6.08 4.26 4
42 45 8.25 5.77 5 3.5 6.62 4.63 5
32 138 10.53 7.37 13 9.1 11.77 8.24 13
47 48 24.5 17.15 10 7 17.25 12.07 10
48 139 22.32 15.62 24 16.8 23.16 16.21 24
53 54 16.4 11.48 10 7 13.2 9.24 10
54 55 3.64 2.55 4 2.8 3.82 2.67 4
61 62 11.69 8.18 7 4.9 9.34 6.54 7
62 63 7.47 5.23 9 6.3 8.23 5.76 9
63 64 12.9 9.03 15 10.5 13.95 9.76 15
61 65 34.41 24.09 37 25.9 35.71 25 37
65 66 30.69 21.48 33 23.1 31.85 22.29 33
66 67 19.26 13.48 9 6.3 14.13 9.89 9
66 68 3.52 2.46 4 2.8 3.76 2.63 4
68 70 5.52 3.86 6 4.2 5.76 4.03 6
70 71 20.16 14.11 9 6.3 14.58 10.21 9
71 72 14.76 10.33 18 12.6 16.38 11.47 18
43 72 29.88 20.92 36 25.2 32.94 23.06 36
45 76 14.88 10.42 16 11.2 15.44 10.81 16
76 77 27.75 19.42 15 10.5 21.38 14.97 15
77 78 9.96 6.97 12 8.4 10.98 7.69 12
78 79 9.72 6.8 12 8.4 10.86 7.6 12
79 81 15.2 10.64 16 11.2 15.6 10.92 16
81 83 10.53 7.37 13 9.1 11.77 8.24 13
83 84 9 6.3 10 7 9.5 6.65 10
84 85 34.4 24.08 20 14 27.2 19.04 20
85 86 3.64 2.55 4 2.8 3.82 2.67 4
94 95 6.96 4.87 8 5.6 7.48 5.24 8
95 96 34.68 24.28 17 11.9 25.84 18.09 17
96 97 11.22 7.85 3 2.1 7.11 4.98 3
101 103 18.06 12.64 21 14.7 19.53 13.67 21
103 104 9.48 6.64 6 4.2 7.74 5.42 6
104 105 12.6 8.82 15 10.5 13.8 9.66 15
105 106 23.8 16.66 28 19.6 25.9 18.13 28
106 107 23.5 16.45 25 17.5 24.25 16.97 25
107 108 90.64 63.45 103 72.1 96.82 67.77 103
106 109 7.36 5.15 8 5.6 7.68 5.38 8
109 110 16.38 11.47 7 4.9 11.69 8.18 7
109 111 12.09 8.46 13 9.1 12.55 8.79 13
106 111 29.12 20.38 13 9.1 21.06 14.74 13
111 112 3.68 2.58 4 2.8 3.84 2.69 4
112 113 9.96 6.97 12 8.4 10.98 7.69 12
0 115 14.58 10.21 18 12.6 16.29 11.4 18
115 116 15.77 11.04 19 13.3 17.39 12.17 19
1 116 13.92 9.74 16 11.2 14.96 10.47 16
116 118 21.84 15.29 24 16.8 22.92 16.04 24
113 117 129.92 90.94 58 40.6 93.96 65.77 58
123 125 21.67 15.17 11 7.7 16.33 11.43 11
125 129 31.5 22.05 35 24.5 33.25 23.27 35
54 139 12.32 8.62 14 9.8 13.16 9.21 14
10 26 40.5 28.35 50 35 45.25 31.67 50
5 6 17.22 12.05 21 14.7 19.11 13.38 0
8 9 10.56 7.39 12 8.4 11.28 7.9 0
9 14 11.96 8.37 13 9.1 12.48 8.74 0
14 15 6.96 4.87 8 5.6 7.48 5.24 0
14 16 11.31 7.92 13 9.1 12.16 8.51 0
12 16 5.22 3.65 6 4.2 5.61 3.93 0
12 15 10.8 7.56 12 8.4 11.4 7.98 0
16 17 6.64 4.65 8 5.6 7.32 5.12 0
17 18 11.82 8.27 6 4.2 8.91 6.24 0
9 18 22.68 15.88 28 19.6 25.34 17.74 0
11 19 29.92 20.94 34 23.8 31.96 22.37 0
19 20 52.2 36.54 58 40.6 55.1 38.57 0
20 22 50.05 35.03 55 38.5 52.53 36.77 0
22 23 53.2 37.24 56 39.2 54.6 38.22 0
24 25 40.8 28.56 48 33.6 44.4 31.08 0
22 25 18 12.6 20 14 19 13.3 0
29 30 37.31 26.12 41 28.7 39.16 27.41 0
25 30 10.92 7.64 12 8.4 11.46 8.02 0
28 32 108.68 76.08 52 36.4 80.34 56.24 0
33 34 50.74 35.52 59 41.3 54.87 38.41 0
34 35 3.64 2.55 4 2.8 3.82 2.67 0
34 36 37.23 26.06 17 11.9 27.11 18.98 0
39 40 11.28 7.9 12 8.4 11.64 8.15 0
37 40 8.4 5.88 10 7 9.2 6.44 0
40 46 93.06 65.14 99 69.3 96.03 67.22 0
36 41 13.94 9.76 17 11.9 15.47 10.83 0
41 42 4.6 3.22 5 3.5 4.8 3.36 0
41 46 3.72 2.6 4 2.8 3.86 2.7 0
45 46 5.74 4.02 7 4.9 6.37 4.46 0
47 138 176.4 123.48 49 34.3 112.7 78.89 0
47 49 31.84 22.29 8 5.6 19.92 13.94 0
49 50 27 18.9 30 21 28.5 19.95 0
50 51 10.44 7.31 12 8.4 11.22 7.85 0
51 52 11.16 7.81 12 8.4 11.58 8.11 0
52 139 21.36 14.95 24 16.8 22.68 15.88 0
55 56 45.08 31.56 49 34.3 47.04 32.93 0
56 57 17.8 12.46 20 14 18.9 13.23 0
57 58 37.6 26.32 40 28 38.8 27.16 0
58 59 15.3 10.71 18 12.6 16.65 11.65 0
44 59 12.75 8.92 15 10.5 13.88 9.72 0
59 60 33.25 23.27 35 24.5 34.12 23.88 0
58 60 57.97 40.58 31 21.7 44.48 31.14 0
48 60 21.32 14.92 13 9.1 17.16 12.01 0
56 61 13.02 9.11 14 9.8 13.51 9.46 0
55 64 26.4 18.48 30 21 28.2 19.74 0
68 69 6.72 4.7 8 5.6 7.36 5.15 0
69 70 7.74 5.42 9 6.3 8.37 5.86 0
71 73 32.4 22.68 15 10.5 23.7 16.59 0
72 73 11.85 8.29 5 3.5 8.43 5.9 0
70 74 32.04 22.43 36 25.2 34.02 23.81 0
74 75 41.83 29.28 47 32.9 44.42 31.09 0
73 75 48.06 33.64 27 18.9 37.53 26.27 0
75 76 8 5.6 10 7 9 6.3 0
78 80 8.55 5.99 9 6.3 8.78 6.15 0
79 80 8.4 5.88 10 7 9.2 6.44 0
81 82 17.8 12.46 10 7 13.9 9.73 0
80 82 15.47 10.83 17 11.9 16.23 11.36 0
82 83 40.68 28.48 18 12.6 29.34 20.54 0
85 87 29.37 20.56 33 23.1 31.19 21.83 0
87 88 11.62 8.13 14 9.8 12.81 8.97 0
87 89 10.08 7.06 12 8.4 11.04 7.73 0
89 90 6.51 4.56 7 4.9 6.76 4.73 0
67 89 61.64 43.15 67 46.9 64.32 45.02 0
65 90 146.28 102.4 69 48.3 107.64 75.35 0
88 91 8.9 6.23 10 7 9.45 6.61 0
81 91 21.32 14.92 26 18.2 23.66 16.56 0
83 91 69.89 48.92 29 20.3 49.45 34.62 0
63 92 24.64 17.25 28 19.6 26.32 18.42 0
62 92 22.75 15.92 25 17.5 23.88 16.72 0
92 93 28.56 19.99 17 11.9 22.78 15.95 0
93 94 41.16 28.81 49 34.3 45.08 31.56 0
95 98 9.3 6.51 10 7 9.65 6.75 0
96 98 33.67 23.57 37 25.9 35.34 24.74 0
98 99 67.32 47.12 33 23.1 50.16 35.11 0
93 99 80.75 56.52 17 11.9 48.88 34.22 0
93 100 3.68 2.58 4 2.8 3.84 2.69 0
65 100 24.36 17.05 28 19.6 26.18 18.33 0
100 101 14.62 10.23 17 11.9 15.81 11.07 0
101 102 81.48 57.04 42 29.4 61.74 43.22 0
90 102 21.6 15.12 27 18.9 24.3 17.01 0
105 107 76.38 53.47 38 26.6 57.19 40.03 0
102 112 37.26 26.08 46 32.2 41.63 29.14 0
113 114 32.4 22.68 36 25.2 34.2 23.94 0
114 115 23.9 16.73 10 7 16.95 11.86 0
114 116 18 12.6 20 14 19 13.3 0
116 117 45.57 31.9 49 34.3 47.29 33.1 0
118 119 24.92 17.44 14 9.8 19.46 13.62 0
90 117 33.25 23.27 35 24.5 34.12 23.88 0
117 120 15.47 10.83 17 11.9 16.23 11.36 0
119 120 12.8 8.96 16 11.2 14.4 10.08 0
120 121 7.04 4.93 8 5.6 7.52 5.26 0
86 121 13.35 9.34 15 10.5 14.18 9.93 0
121 122 12.45 8.71 15 10.5 13.73 9.61 0
122 123 26.1 18.27 29 20.3 27.55 19.29 0
119 122 26.56 18.59 32 22.4 29.28 20.5 0
122 124 27.84 19.49 32 22.4 29.92 20.94 0
3 123 54.94 38.46 67 46.9 60.97 42.68 0
125 126 35.7 24.99 15 10.5 25.35 17.75 0
126 127 41.36 28.95 22 15.4 31.68 22.18 0
2 127 34.03 23.82 41 28.7 37.52 26.26 0
127 128 21.62 15.13 23 16.1 22.31 15.62 0
126 128 27.28 19.1 11 7.7 19.14 13.4 0
125 130 21.84 15.29 26 18.2 23.92 16.74 0
130 131 4.25 2.97 5 3.5 4.62 3.23 0
131 132 5.74 4.02 7 4.9 6.37 4.46 0
132 133 9.3 6.51 10 7 9.65 6.75 0
132 134 15.96 11.17 19 13.3 17.48 12.24 0
133 134 12.46 8.72 14 9.8 13.23 9.26 0
133 135 26.66 18.66 31 21.7 28.83 20.18 0
135 136 23.49 16.44 29 20.3 26.25 18.38 0
135 137 4.3 3.01 5 3.5 4.65 3.25 0
130 137 40.42 28.29 47 32.9 43.71 30.6 0
124 137 17.6 12.32 20 14 18.8 13.16 0
53 139 14.58 10.21 18 12.6 16.29 11.4 0
57 69 10.12 7.08 11 7.7 10.56 7.39 0
