4 5 21.06 14.74 26 18.2 23.53 16.47 26
5 7 23.4 16.38 10 7 16.7 11.69 10
7 8 32.56 22.79 37 25.9 34.78 24.35 37
7 10 39.84 27.89 48 33.6 43.92 30.74 48
10 11 23 16.1 25 17.5 24 16.8 25
11 12 26.64 18.65 12 8.4 19.32 13.52 12
12 13 15.12 10.58 18 12.6 16.56 11.59 18
19 21 8 5.6 10 7 9 6.3 10
19 23 30.03 21.02 33 23.1 31.52 22.06 33
23 24 8.8 6.16 10 7 9.4 6.58 10
24 26 17.1 11.97 19 13.3 18.05 12.63 19
26 27 5.34 3.74 6 4.2 5.67 3.97 6
27 28 4.15 2.91 5 3.5 4.58 3.21 5
27 29 4.7 3.29 5 3.5 4.85 3.39 5
29 31 25.76 18.03 28 19.6 26.88 18.82 28
10 32 21.36 14.95 24 16.8 22.68 15.88 24
33 138 95.55 66.88 49 34.3 72.28 50.6 49
35 36 17 11.9 20 14 18.5 12.95 20
35 37 23 16.1 25 17.5 24 16.8 25
37 38 13.8 9.66 6 4.2 9.9 6.93 6
38 39 15.3 10.71 18 12.6 16.65 11.65 18
36 42 59.2 41.44 16 11.2 37.6 26.32 16
42 43 25.73 18.01 31 21.7 28.37 19.86 31
43 44 13.16 9.21 14 9.8 13.58 9.51 14
33 44 8.96 6.27 4 2.8 6.48 4.54 4
42 45 11.7 8.19 5 3.5 8.35 5.84 5
32 138 11.7 8.19 13 9.1 12.35 8.64 13
47 48 20.7 14.49 10 7 15.35 10.74 10
48 139 48 33.6 24 16.8 36 25.2 24
53 54 8.6 6.02 10 7 9.3 6.51 10
54 55 3.6 2.52 4 2.8 3.8 2.66 4
61 62 15.47 10.83 7 4.9 11.23 7.86 7
62 63 22.41 15.69 9 6.3 15.71 11 9
63 64 13.65 9.55 15 10.5 14.33 10.03 15
61 65 31.08 21.76 37 25.9 34.04 23.83 37
65 66 27.06 18.94 33 23.1 30.03 21.02 33
66 67 8.46 5.92 9 6.3 8.73 6.11 9
66 68 7.88 5.52 4 2.8 5.94 4.16 4
68 70 29.34 20.54 6 4.2 17.67 12.37 6
70 71 8.1 5.67 9 6.3 8.55 5.99 9
71 72 15.66 10.96 18 12.6 16.83 11.78 18
43 72 55.44 38.81 36 25.2 45.72 32 36
45 76 13.76 9.63 16 11.2 14.88 10.42 16
76 77 23.25 16.27 15 10.5 19.12 13.38 15
77 78 10.32 7.22 12 8.4 11.16 7.81 12
78 79 10.44 7.31 12 8.4 11.22 7.85 12
79 81 13.12 9.18 16 11.2 14.56 10.19 16
81 83 11.96 8.37 13 9.1 12.48 8.74 13
83 84 24.8 17.36 10 7 17.4 12.18 10
84 85 17.4 12.18 20 14 18.7 13.09 20
85 86 3.32 2.32 4 2.8 3.66 2.56 4
94 95 7.36 5.15 8 5.6 7.68 5.38 8
95 96 15.81 11.07 17 11.9 16.41 11.49 17
96 97 4.74 3.32 3 2.1 3.87 2.71 3
101 103 40.95 28.66 21 14.7 30.98 21.69 21
103 104 5.16 3.61 6 4.2 5.58 3.91 6
104 105 73.05 51.13 15 10.5 44.02 30.81 15
105 106 56.56 39.59 28 19.6 42.28 29.6 28
106 107 20.5 14.35 25 17.5 22.75 15.92 25
107 108 155.53 108.87 103 72.1 129.26 90.48 103
106 109 6.4 4.48 8 5.6 7.2 5.04 8
109 110 6.51 4.56 7 4.9 6.76 4.73 7
109 111 31.59 22.11 13 9.1 22.3 15.61 13
106 111 11.57 8.1 13 9.1 12.29 8.6 13
111 112 3.32 2.32 4 2.8 3.66 2.56 4
112 113 9.84 6.89 12 8.4 10.92 7.64 12
0 115 15.66 10.96 18 12.6 16.83 11.78 18
115 116 17.48 12.24 19 13.3 18.24 12.77 19
1 116 14.72 10.3 16 11.2 15.36 10.75 16
116 118 22.32 15.62 24 16.8 23.16 16.21 24
113 117 53.36 37.35 58 40.6 55.68 38.98 58
123 125 19.36 13.55 11 7.7 15.18 10.63 11
125 129 31.85 22.29 35 24.5 33.43 23.4 35
54 139 11.48 8.04 14 9.8 12.74 8.92 14
10 26 42 29.4 50 35 46 32.2 50
5 6 19.53 13.67 21 14.7 20.27 14.19 0
8 9 18.6 13.02 12 8.4 15.3 10.71 0
9 14 27.43 19.2 13 9.1 20.21 14.15 0
14 15 7.6 5.32 8 5.6 7.8 5.46 0
14 16 12.22 8.55 13 9.1 12.61 8.83 0
12 16 5.58 3.91 6 4.2 5.79 4.05 0
12 15 10.2 7.14 12 8.4 11.1 7.77 0
16 17 7.44 5.21 8 5.6 7.72 5.4 0
17 18 10.26 7.18 6 4.2 8.13 5.69 0
9 18 23.24 16.27 28 19.6 25.62 17.93 0
11 19 29.58 20.71 34 23.8 31.79 22.25 0
19 20 49.88 34.92 58 40.6 53.94 37.76 0
20 22 46.2 32.34 55 38.5 50.6 35.42 0
22 23 51.52 36.06 56 39.2 53.76 37.63 0
24 25 95.04 66.53 48 33.6 71.52 50.06 0
22 25 16.8 11.76 20 14 18.4 12.88 0
29 30 38.13 26.69 41 28.7 39.57 27.7 0
25 30 9.84 6.89 12 8.4 10.92 7.64 0
28 32 48.36 33.85 52 36.4 50.18 35.13 0
33 34 47.79 33.45 59 41.3 53.4 37.38 0
34 35 20 14 4 2.8 12 8.4 0
34 36 25.67 17.97 17 11.9 21.33 14.93 0
39 40 29.4 20.58 12 8.4 20.7 14.49 0
37 40 9.4 6.58 10 7 9.7 6.79 0
40 46 82.17 57.52 99 69.3 90.59 63.41 0
36 41 14.79 10.35 17 11.9 15.9 11.13 0
41 42 4.6 3.22 5 3.5 4.8 3.36 0
41 46 12.6 8.82 4 2.8 8.3 5.81 0
45 46 28.98 20.29 7 4.9 17.99 12.59 0
47 138 112.7 78.89 49 34.3 80.85 56.59 0
47 49 6.72 4.7 8 5.6 7.36 5.15 0
49 50 52.5 36.75 30 21 41.25 28.87 0
50 51 29.16 20.41 12 8.4 20.58 14.41 0
51 52 9.84 6.89 12 8.4 10.92 7.64 0
52 139 41.28 28.9 24 16.8 32.64 22.85 0
55 56 83.79 58.65 49 34.3 66.39 46.47 0
56 57 18.8 13.16 20 14 19.4 13.58 0
57 58 94.4 66.08 40 28 67.2 47.04 0
58 59 41.04 28.73 18 12.6 29.52 20.66 0
44 59 24.6 17.22 15 10.5 19.8 13.86 0
59 60 67.2 47.04 35 24.5 51.1 35.77 0
58 60 29.14 20.4 31 21.7 30.07 21.05 0
48 60 10.92 7.64 13 9.1 11.96 8.37 0
56 61 11.62 8.13 14 9.8 12.81 8.97 0
55 64 55.5 38.85 30 21 42.75 29.92 0
68 69 6.64 4.65 8 5.6 7.32 5.12 0
69 70 8.37 5.86 9 6.3 8.69 6.08 0
71 73 29.25 20.47 15 10.5 22.12 15.48 0
72 73 4.15 2.91 5 3.5 4.58 3.21 0
70 74 75.96 53.17 36 25.2 55.98 39.19 0
74 75 38.54 26.98 47 32.9 42.77 29.94 0
73 75 21.87 15.31 27 18.9 24.44 17.11 0
75 76 8.7 6.09 10 7 9.35 6.54 0
78 80 7.65 5.35 9 6.3 8.33 5.83 0
79 80 9.4 6.58 10 7 9.7 6.79 0
81 82 9.1 6.37 10 7 9.55 6.69 0
80 82 14.62 10.23 17 11.9 15.81 11.07 0
82 83 16.56 11.59 18 12.6 17.28 12.1 0
85 87 30.69 21.48 33 23.1 31.85 22.29 0
87 88 50.82 35.57 14 9.8 32.41 22.69 0
87 89 10.68 7.48 12 8.4 11.34 7.94 0
89 90 5.67 3.97 7 4.9 6.33 4.43 0
67 89 63.65 44.55 67 46.9 65.33 45.73 0
65 90 55.89 39.12 69 48.3 62.45 43.71 0
88 91 18.8 13.16 10 7 14.4 10.08 0
81 91 22.1 15.47 26 18.2 24.05 16.84 0
83 91 24.07 16.85 29 20.3 26.54 18.58 0
63 92 25.2 17.64 28 19.6 26.6 18.62 0
62 92 21.5 15.05 25 17.5 23.25 16.27 0
92 93 33.66 23.56 17 11.9 25.33 17.73 0
93 94 45.57 31.9 49 34.3 47.29 33.1 0
95 98 9.2 6.44 10 7 9.6 6.72 0
96 98 66.97 46.88 37 25.9 51.98 36.39 0
98 99 29.04 20.33 33 23.1 31.02 21.71 0
93 99 13.77 9.64 17 11.9 15.38 10.77 0
93 100 3.76 2.63 4 2.8 3.88 2.72 0
65 100 122.36 85.65 28 19.6 75.18 52.63 0
100 101 13.6 9.52 17 11.9 15.3 10.71 0
101 102 36.12 25.28 42 29.4 39.06 27.34 0
90 102 22.14 15.5 27 18.9 24.57 17.2 0
105 107 63.46 44.42 38 26.6 50.73 35.51 0
102 112 38.64 27.05 46 32.2 42.32 29.62 0
113 114 31.68 22.18 36 25.2 33.84 23.69 0
114 115 19.5 13.65 10 7 14.75 10.32 0
114 116 16.4 11.48 20 14 18.2 12.74 0
116 117 40.18 28.13 49 34.3 44.59 31.21 0
118 119 34.3 24.01 14 9.8 24.15 16.9 0
90 117 32.9 23.03 35 24.5 33.95 23.77 0
117 120 15.81 11.07 17 11.9 16.41 11.49 0
119 120 13.12 9.18 16 11.2 14.56 10.19 0
120 121 6.8 4.76 8 5.6 7.4 5.18 0
86 121 12.3 8.61 15 10.5 13.65 9.55 0
121 122 12.3 8.61 15 10.5 13.65 9.55 0
122 123 24.07 16.85 29 20.3 26.54 18.58 0
119 122 25.92 18.14 32 22.4 28.96 20.27 0
122 124 72.64 50.85 32 22.4 52.32 36.62 0
3 123 106.53 74.57 67 46.9 86.77 60.74 0
125 126 13.5 9.45 15 10.5 14.25 9.97 0
126 127 20.46 14.32 22 15.4 21.23 14.86 0
2 127 66.83 46.78 41 28.7 53.91 37.74 0
127 128 20.01 14.01 23 16.1 21.51 15.06 0
126 128 9.46 6.62 11 7.7 10.23 7.16 0
125 130 55.12 38.58 26 18.2 40.56 28.39 0
130 131 4.45 3.11 5 3.5 4.73 3.31 0
131 132 6.02 4.21 7 4.9 6.51 4.56 0
132 133 8.6 6.02 10 7 9.3 6.51 0
132 134 17.86 12.5 19 13.3 18.43 12.9 0
133 134 32.48 22.74 14 9.8 23.24 16.27 0
133 135 26.35 18.45 31 21.7 28.68 20.08 0
135 136 24.65 17.25 29 20.3 26.83 18.78 0
135 137 4.4 3.08 5 3.5 4.7 3.29 0
130 137 39.48 27.64 47 32.9 43.24 30.27 0
124 137 35 24.5 20 14 27.5 19.25 0
53 139 15.84 11.09 18 12.6 16.92 11.84 0
57 69 9.9 6.93 11 7.7 10.45 7.31 0
