0 1 68.8 48.16 32 22.4 50.4 35.28 32
1 2 12.32 8.62 14 9.8 13.16 9.21 14
1 3 15.98 11.19 17 11.9 16.49 11.54 17
3 4 45.36 31.75 56 39.2 50.68 35.48 56
4 5 6.72 4.7 8 5.6 7.36 5.15 8
4 6 5.64 3.95 6 4.2 5.82 4.07 6
6 7 15.12 10.58 18 12.6 16.56 11.59 18
7 8 39.52 27.66 26 18.2 32.76 22.93 26
8 9 42.6 29.82 20 14 31.3 21.91 20
9 10 53.88 37.72 12 8.4 32.94 23.06 12
10 11 30.4 21.28 32 22.4 31.2 21.84 32
11 15 24.07 16.85 29 20.3 26.54 18.58 29
12 15 11.57 8.1 13 9.1 12.29 8.6 13
12 13 5.95 4.17 7 4.9 6.48 4.54 7
13 14 6.65 4.66 7 4.9 6.83 4.78 7
12 76 9.6 6.72 12 8.4 10.8 7.56 12
14 16 22.62 15.83 26 18.2 24.31 17.02 26
14 17 88.92 62.24 38 26.6 63.46 44.42 38
17 18 37.72 26.4 41 28.7 39.36 27.55 41
18 19 29.12 20.38 32 22.4 30.56 21.39 32
17 19 19.11 13.38 21 14.7 20.05 14.04 21
18 20 75.24 52.67 38 26.6 56.62 39.63 38
20 21 16.15 11.3 17 11.9 16.57 11.6 17
21 74 19.68 13.78 24 16.8 21.84 15.29 24
21 23 6.6 4.62 4 2.8 5.3 3.71 4
23 24 84.51 59.16 27 18.9 55.75 39.02 27
24 74 12.96 9.07 16 11.2 14.48 10.14 16
24 25 37.57 26.3 17 11.9 27.29 19.1 17
22 25 22.68 15.88 12 8.4 17.34 12.14 12
25 26 27.75 19.42 15 10.5 21.38 14.97 15
25 27 14.94 10.46 18 12.6 16.47 11.53 18
27 28 14.24 9.97 16 11.2 15.12 10.58 16
24 28 25.38 17.77 27 18.9 26.19 18.33 27
29 30 12.32 8.62 14 9.8 13.16 9.21 14
22 30 36 25.2 40 28 38 26.6 40
30 31 46.98 32.89 58 40.6 52.49 36.74 58
31 32 63.3 44.31 30 21 46.65 32.65 30
31 33 68.8 48.16 43 30.1 55.9 39.13 43
31 34 259.72 181.8 86 60.2 172.86 121 86
32 35 24.03 16.82 27 18.9 25.52 17.86 27
32 36 68.25 47.77 75 52.5 71.62 50.13 75
36 37 6.96 4.87 8 5.6 7.48 5.24 8
36 38 18.69 13.08 21 14.7 19.85 13.89 21
38 39 11.5 8.05 5 3.5 8.25 5.77 5
34 38 5.67 3.97 7 4.9 6.33 4.43 7
34 40 33 23.1 15 10.5 24 16.8 15
39 40 7.83 5.48 9 6.3 8.42 5.89 9
40 41 37.98 26.59 18 12.6 27.99 19.59 18
41 42 9.79 6.85 11 7.7 10.4 7.28 11
42 43 125.58 87.91 78 54.6 101.79 71.25 78
43 44 51.96 36.37 12 8.4 31.98 22.39 12
44 45 9.72 6.8 12 8.4 10.86 7.6 12
43 45 25.35 17.75 13 9.1 19.18 13.43 13
45 46 27.06 18.94 33 23.1 30.03 21.02 33
46 47 17.1 11.97 10 7 13.55 9.48 10
10 47 69.52 48.66 79 55.3 74.26 51.98 79
46 48 8.28 5.8 9 6.3 8.64 6.05 9
48 49 7.04 4.93 8 5.6 7.52 5.26 8
48 50 9.1 6.37 10 7 9.55 6.69 10
49 51 1.86 1.3 2 1.4 1.93 1.35 2
50 52 3.64 2.55 4 2.8 3.82 2.67 4
51 52 3.64 2.55 4 2.8 3.82 2.67 4
51 53 18.52 12.96 4 2.8 11.26 7.88 4
23 52 19.68 13.78 24 16.8 21.84 15.29 24
18 49 25.8 18.06 30 21 27.9 19.53 30
54 55 5.16 3.61 6 4.2 5.58 3.91 6
41 55 42.38 29.67 26 18.2 34.19 23.93 26
41 56 12.18 8.53 14 9.8 13.09 9.16 14
56 57 67.08 46.96 78 54.6 72.54 50.78 78
57 58 20.75 14.52 25 17.5 22.88 16.02 25
10 58 73.32 51.32 78 54.6 75.66 52.96 78
57 59 26.73 18.71 33 23.1 29.87 20.91 33
59 60 82.29 57.6 39 27.3 60.64 42.45 39
59 61 18.4 12.88 23 16.1 20.7 14.49 23
61 62 27.3 19.11 30 21 28.65 20.05 30
62 63 8.1 5.67 9 6.3 8.55 5.99 9
62 64 46.41 32.49 21 14.7 33.7 23.59 21
61 65 14.4 10.08 16 11.2 15.2 10.64 16
65 67 42.75 29.92 45 31.5 43.88 30.72 45
57 68 27.2 19.04 32 22.4 29.6 20.72 32
58 68 10.01 7.01 11 7.7 10.51 7.36 11
3 68 63.75 44.62 75 52.5 69.38 48.57 75
69 70 47.6 33.32 56 39.2 51.8 36.26 56
70 71 5.16 3.61 6 4.2 5.58 3.91 6
70 72 4.6 3.22 5 3.5 4.8 3.36 5
71 72 4.1 2.87 5 3.5 4.55 3.18 5
72 73 20.5 14.35 25 17.5 22.75 15.92 25
17 71 82.8 57.96 92 64.4 87.4 61.18 92
55 66 60.48 42.34 36 25.2 48.24 33.77 36
22 74 33.66 23.56 17 11.9 25.33 17.73 17
11 75 5.95 4.17 7 4.9 6.48 4.54 7
19 75 6.72 4.7 8 5.6 7.36 5.15 8
14 76 11.83 8.28 13 9.1 12.42 8.69 13
75 76 75.25 52.67 35 24.5 55.12 38.58 35
20 50 3.98 2.79 2 1.4 2.99 2.09 2
43 58 108.36 75.85 28 19.6 68.18 47.73 28
59 66 24.07 16.85 29 20.3 26.54 18.58 29
61 66 29.45 20.61 31 21.7 30.22 21.15 31
