4 5 63.7 44.59 26 18.2 44.85 31.39 26
5 7 8.2 5.74 10 7 9.1 6.37 10
7 8 31.08 21.76 37 25.9 34.04 23.83 37
7 10 39.36 27.55 48 33.6 43.68 30.58 48
10 11 21.75 15.22 25 17.5 23.38 16.37 25
11 12 11.04 7.73 12 8.4 11.52 8.06 12
12 13 15.12 10.58 18 12.6 16.56 11.59 18
12 15 9.72 6.8 12 8.4 10.86 7.6 12
9 18 62.16 43.51 28 19.6 45.08 31.56 28
11 19 68.68 48.08 34 23.8 51.34 35.94 34
19 20 53.94 37.76 58 40.6 55.97 39.18 58
19 21 8.6 6.02 10 7 9.3 6.51 10
19 23 31.02 21.71 33 23.1 32.01 22.41 33
22 23 49.84 34.89 56 39.2 52.92 37.04 56
23 24 9.4 6.58 10 7 9.7 6.79 10
24 25 108 75.6 48 33.6 78 54.6 48
24 26 16.53 11.57 19 13.3 17.77 12.44 19
26 27 4.98 3.49 6 4.2 5.49 3.84 6
27 28 4.65 3.25 5 3.5 4.83 3.38 5
27 29 4.4 3.08 5 3.5 4.7 3.29 5
29 30 33.62 23.53 41 28.7 37.31 26.12 41
29 31 60.48 42.34 28 19.6 44.24 30.97 28
28 32 97.76 68.43 52 36.4 74.88 52.42 52
10 32 19.44 13.61 24 16.8 21.72 15.2 24
33 138 43.61 30.53 49 34.3 46.3 32.41 49
33 34 138.65 97.05 59 41.3 98.83 69.18 59
34 35 3.52 2.46 4 2.8 3.76 2.63 4
34 36 15.81 11.07 17 11.9 16.41 11.49 17
35 36 30.2 21.14 20 14 25.1 17.57 20
35 37 23 16.1 25 17.5 24 16.8 25
37 38 5.34 3.74 6 4.2 5.67 3.97 6
38 39 37.26 26.08 18 12.6 27.63 19.34 18
39 40 9.84 6.89 12 8.4 10.92 7.64 12
37 40 8.7 6.09 10 7 9.35 6.54 10
40 46 91.08 63.76 99 69.3 95.04 66.53 99
36 41 14.62 10.23 17 11.9 15.81 11.07 17
41 42 4.75 3.32 5 3.5 4.88 3.42 5
36 42 12.96 9.07 16 11.2 14.48 10.14 16
42 43 27.59 19.31 31 21.7 29.3 20.51 31
43 44 11.9 8.33 14 9.8 12.95 9.06 14
33 44 6.28 4.4 4 2.8 5.14 3.6 4
41 46 6.32 4.42 4 2.8 5.16 3.61 4
45 46 11.9 8.33 7 4.9 9.45 6.61 7
42 45 4.25 2.97 5 3.5 4.62 3.23 5
32 138 21.84 15.29 13 9.1 17.42 12.19 13
47 48 20 14 10 7 15 10.5 10
47 49 7.28 5.1 8 5.6 7.64 5.35 8
49 50 26.4 18.48 30 21 28.2 19.74 30
51 52 10.44 7.31 12 8.4 11.22 7.85 12
52 139 22.08 15.46 24 16.8 23.04 16.13 24
48 139 21.12 14.78 24 16.8 22.56 15.79 24
53 54 9 6.3 10 7 9.5 6.65 10
54 55 19.84 13.89 4 2.8 11.92 8.34 4
55 56 41.16 28.81 49 34.3 45.08 31.56 49
56 57 16.8 11.76 20 14 18.4 12.88 20
57 58 36.8 25.76 40 28 38.4 26.88 40
58 59 16.38 11.47 18 12.6 17.19 12.03 18
44 59 14.1 9.87 15 10.5 14.55 10.19 15
59 60 28.35 19.84 35 24.5 31.68 22.18 35
58 60 25.11 17.58 31 21.7 28.05 19.63 31
48 60 22.1 15.47 13 9.1 17.55 12.29 13
56 61 12.6 8.82 14 9.8 13.3 9.31 14
61 62 5.74 4.02 7 4.9 6.37 4.46 7
62 63 7.83 5.48 9 6.3 8.42 5.89 9
63 64 12.6 8.82 15 10.5 13.8 9.66 15
61 65 62.9 44.03 37 25.9 49.95 34.96 37
65 66 26.4 18.48 33 23.1 29.7 20.79 33
66 67 7.56 5.29 9 6.3 8.28 5.8 9
66 68 3.28 2.3 4 2.8 3.64 2.55 4
68 69 7.28 5.1 8 5.6 7.64 5.35 8
69 70 8.37 5.86 9 6.3 8.69 6.08 9
68 70 5.7 3.99 6 4.2 5.85 4.09 6
70 71 7.29 5.1 9 6.3 8.14 5.7 9
71 72 16.02 11.21 18 12.6 17.01 11.91 18
71 73 13.65 9.55 15 10.5 14.33 10.03 15
72 73 4.4 3.08 5 3.5 4.7 3.29 5
43 72 34.2 23.94 36 25.2 35.1 24.57 36
74 75 90.71 63.5 47 32.9 68.85 48.19 47
73 75 24.3 17.01 27 18.9 25.65 17.95 27
75 76 8.7 6.09 10 7 9.35 6.54 10
45 76 33.6 23.52 16 11.2 24.8 17.36 16
76 77 13.5 9.45 15 10.5 14.25 9.97 15
77 78 10.32 7.22 12 8.4 11.16 7.81 12
78 79 9.6 6.72 12 8.4 10.8 7.56 12
78 80 18 12.6 9 6.3 13.5 9.45 9
79 80 22.9 16.03 10 7 16.45 11.51 10
79 81 37.92 26.54 16 11.2 26.96 18.87 16
81 82 8.3 5.81 10 7 9.15 6.41 10
80 82 13.77 9.64 17 11.9 15.38 10.77 17
81 83 26.52 18.56 13 9.1 19.76 13.83 13
82 83 16.02 11.21 18 12.6 17.01 11.91 18
83 84 8.8 6.16 10 7 9.4 6.58 10
84 85 17.6 12.32 20 14 18.8 13.16 20
85 86 13.64 9.55 4 2.8 8.82 6.17 4
88 91 8.5 5.95 10 7 9.25 6.47 10
81 91 61.36 42.95 26 18.2 43.68 30.58 26
63 92 139.72 97.8 28 19.6 83.86 58.7 28
62 92 37.75 26.42 25 17.5 31.37 21.96 25
94 95 30.96 21.67 8 5.6 19.48 13.64 8
95 96 14.28 10 17 11.9 15.64 10.95 17
96 97 2.61 1.83 3 2.1 2.81 1.97 3
95 98 47.5 33.25 10 7 28.75 20.12 10
96 98 126.91 88.84 37 25.9 81.95 57.36 37
98 99 51.15 35.8 33 23.1 42.07 29.45 33
101 103 18.27 12.79 21 14.7 19.64 13.75 21
103 104 4.92 3.44 6 4.2 5.46 3.82 6
104 105 13.2 9.24 15 10.5 14.1 9.87 15
105 106 23.8 16.66 28 19.6 25.9 18.13 28
106 107 20.5 14.35 25 17.5 22.75 15.92 25
105 107 33.44 23.41 38 26.6 35.72 25 38
107 108 96.82 67.77 103 72.1 99.91 69.94 103
106 109 6.8 4.76 8 5.6 7.4 5.18 8
109 110 5.67 3.97 7 4.9 6.33 4.43 7
109 111 10.66 7.46 13 9.1 11.83 8.28 13
106 111 11.31 7.92 13 9.1 12.16 8.51 13
111 112 3.52 2.46 4 2.8 3.76 2.63 4
102 112 42.32 29.62 46 32.2 44.16 30.91 46
112 113 10.8 7.56 12 8.4 11.4 7.98 12
0 115 16.2 11.34 18 12.6 17.1 11.97 18
115 116 17.48 12.24 19 13.3 18.24 12.77 19
1 116 12.96 9.07 16 11.2 14.48 10.14 16
116 117 76.93 53.85 49 34.3 62.97 44.08 49
116 118 53.76 37.63 24 16.8 38.88 27.22 24
113 117 51.04 35.73 58 40.6 54.52 38.16 58
3 123 54.27 37.99 67 46.9 60.64 42.45 67
123 125 9.35 6.54 11 7.7 10.18 7.13 11
125 126 30.6 21.42 15 10.5 22.8 15.96 15
126 127 19.58 13.71 22 15.4 20.79 14.55 22
2 127 33.21 23.25 41 28.7 37.11 25.98 41
127 128 20.93 14.65 23 16.1 21.97 15.38 23
126 128 17.27 12.09 11 7.7 14.14 9.9 11
125 129 71.75 50.22 35 24.5 53.38 37.37 35
125 130 59.28 41.5 26 18.2 42.64 29.85 26
130 131 4.1 2.87 5 3.5 4.55 3.18 5
131 132 6.51 4.56 7 4.9 6.76 4.73 7
132 133 8.7 6.09 10 7 9.35 6.54 10
132 134 17.48 12.24 19 13.3 18.24 12.77 19
133 134 12.46 8.72 14 9.8 13.23 9.26 14
133 135 99.2 69.44 31 21.7 65.1 45.57 31
135 136 25.23 17.66 29 20.3 27.12 18.98 29
135 137 4.7 3.29 5 3.5 4.85 3.39 5
130 137 38.07 26.65 47 32.9 42.54 29.78 47
124 137 18.2 12.74 20 14 19.1 13.37 20
54 139 12.04 8.43 14 9.8 13.02 9.11 14
53 139 14.58 10.21 18 12.6 16.29 11.4 18
10 26 43 30.1 50 35 46.5 32.55 50
57 69 18.26 12.78 11 7.7 14.63 10.24 11
5 6 19.11 13.38 21 14.7 20.05 14.04 0
8 9 10.68 7.48 12 8.4 11.34 7.94 0
9 14 11.31 7.92 13 9.1 12.16 8.51 0
14 15 16.24 11.37 8 5.6 12.12 8.48 0
14 16 11.31 7.92 13 9.1 12.16 8.51 0
12 16 13.98 9.79 6 4.2 9.99 6.99 0
16 17 15.6 10.92 8 5.6 11.8 8.26 0
17 18 5.58 3.91 6 4.2 5.79 4.05 0
20 22 90.75 63.52 55 38.5 72.88 51.02 0
22 25 44.8 31.36 20 14 32.4 22.68 0
25 30 28.8 20.16 12 8.4 20.4 14.28 0
47 138 43.61 30.53 49 34.3 46.3 32.41 0
50 51 9.84 6.89 12 8.4 10.92 7.64 0
55 64 28.5 19.95 30 21 29.25 20.47 0
70 74 33.48 23.44 36 25.2 34.74 24.32 0
85 87 29.37 20.56 33 23.1 31.19 21.83 0
87 88 11.9 8.33 14 9.8 12.95 9.06 0
87 89 9.96 6.97 12 8.4 10.98 7.69 0
89 90 6.23 4.36 7 4.9 6.62 4.63 0
67 89 59.63 41.74 67 46.9 63.32 44.32 0
65 90 146.28 102.4 69 48.3 107.64 75.35 0
83 91 25.23 17.66 29 20.3 27.12 18.98 0
92 93 15.81 11.07 17 11.9 16.41 11.49 0
93 94 46.55 32.58 49 34.3 47.77 33.44 0
93 99 13.6 9.52 17 11.9 15.3 10.71 0
93 100 3.44 2.41 4 2.8 3.72 2.6 0
65 100 24.92 17.44 28 19.6 26.46 18.52 0
100 101 15.64 10.95 17 11.9 16.32 11.42 0
101 102 36.12 25.28 42 29.4 39.06 27.34 0
90 102 24.03 16.82 27 18.9 25.52 17.86 0
113 114 33.12 23.18 36 25.2 34.56 24.19 0
114 115 39.1 27.37 10 7 24.55 17.18 0
114 116 17.6 12.32 20 14 18.8 13.16 0
118 119 13.16 9.21 14 9.8 13.58 9.51 0
90 117 60.55 42.38 35 24.5 47.77 33.44 0
117 120 15.3 10.71 17 11.9 16.15 11.3 0
119 120 13.6 9.52 16 11.2 14.8 10.36 0
120 121 7.36 5.15 8 5.6 7.68 5.38 0
86 121 12.3 8.61 15 10.5 13.65 9.55 0
121 122 33 23.1 15 10.5 24 16.8 0
122 123 109.91 76.94 29 20.3 69.45 48.62 0
119 122 27.84 19.49 32 22.4 29.92 20.94 0
122 124 29.44 20.61 32 22.4 30.72 21.5 0
