4 5 21.06 14.74 26 18.2 23.53 16.47 26
5 7 8.7 6.09 10 7 9.35 6.54 10
7 8 34.04 23.83 37 25.9 35.52 24.86 37
7 10 79.68 55.78 48 33.6 63.84 44.69 48
10 11 43.75 30.62 25 17.5 34.38 24.07 25
11 12 10.32 7.22 12 8.4 11.16 7.81 12
12 13 38.34 26.84 18 12.6 28.17 19.72 18
12 15 55.56 38.89 12 8.4 33.78 23.65 12
9 18 64.12 44.88 28 19.6 46.06 32.24 28
11 19 30.6 21.42 34 23.8 32.3 22.61 34
19 20 46.4 32.48 58 40.6 52.2 36.54 58
19 21 8.7 6.09 10 7 9.35 6.54 10
19 23 26.73 18.71 33 23.1 29.87 20.91 33
22 23 45.36 31.75 56 39.2 50.68 35.48 56
23 24 18.4 12.88 10 7 14.2 9.94 10
24 25 90.72 63.5 48 33.6 69.36 48.55 48
24 26 15.58 10.91 19 13.3 17.29 12.1 19
26 27 4.98 3.49 6 4.2 5.49 3.84 6
27 28 4.6 3.22 5 3.5 4.8 3.36 5
27 29 4.05 2.83 5 3.5 4.53 3.17 5
29 30 36.9 25.83 41 28.7 38.95 27.27 41
29 31 49 34.3 28 19.6 38.5 26.95 28
28 32 44.2 30.94 52 36.4 48.1 33.67 52
10 32 82.32 57.62 24 16.8 53.16 37.21 24
33 138 41.16 28.81 49 34.3 45.08 31.56 49
33 34 53.69 37.58 59 41.3 56.35 39.45 59
34 35 6.72 4.7 4 2.8 5.36 3.75 4
34 36 37.23 26.06 17 11.9 27.11 18.98 17
35 36 41.4 28.98 20 14 30.7 21.49 20
35 37 20.5 14.35 25 17.5 22.75 15.92 25
37 38 4.8 3.36 6 4.2 5.4 3.78 6
38 39 14.76 10.33 18 12.6 16.38 11.47 18
39 40 18.72 13.1 12 8.4 15.36 10.75 12
37 40 9.4 6.58 10 7 9.7 6.79 10
40 46 88.11 61.68 99 69.3 93.56 65.49 99
36 41 14.45 10.11 17 11.9 15.73 11.01 17
41 42 4.2 2.94 5 3.5 4.6 3.22 5
36 42 14.72 10.3 16 11.2 15.36 10.75 16
42 43 28.83 20.18 31 21.7 29.92 20.94 31
43 44 11.9 8.33 14 9.8 12.95 9.06 14
33 44 3.28 2.3 4 2.8 3.64 2.55 4
41 46 8.28 5.8 4 2.8 6.14 4.3 4
45 46 6.23 4.36 7 4.9 6.62 4.63 7
42 45 4.15 2.91 5 3.5 4.58 3.21 5
32 138 19.89 13.92 13 9.1 16.45 11.51 13
47 48 8.8 6.16 10 7 9.4 6.58 10
47 49 6.88 4.82 8 5.6 7.44 5.21 8
49 50 48 33.6 30 21 39 27.3 30
51 52 54.6 38.22 12 8.4 33.3 23.31 12
52 139 21.36 14.95 24 16.8 22.68 15.88 24
48 139 21.6 15.12 24 16.8 22.8 15.96 24
53 54 9.2 6.44 10 7 9.6 6.72 10
54 55 3.56 2.49 4 2.8 3.78 2.65 4
55 56 43.12 30.18 49 34.3 46.06 32.24 49
56 57 17 11.9 20 14 18.5 12.95 20
57 58 36 25.2 40 28 38 26.6 40
58 59 16.74 11.72 18 12.6 17.37 12.16 18
44 59 12.3 8.61 15 10.5 13.65 9.55 15
59 60 30.45 21.31 35 24.5 32.73 22.91 35
58 60 143.84 100.69 31 21.7 87.42 61.19 31
48 60 10.66 7.46 13 9.1 11.83 8.28 13
56 61 34.86 24.4 14 9.8 24.43 17.1 14
61 62 6.23 4.36 7 4.9 6.62 4.63 7
62 63 17.37 12.16 9 6.3 13.18 9.23 9
63 64 73.5 51.45 15 10.5 44.25 30.97 15
61 65 29.97 20.98 37 25.9 33.48 23.44 37
65 66 31.02 21.71 33 23.1 32.01 22.41 33
66 67 8.46 5.92 9 6.3 8.73 6.11 9
66 68 3.44 2.41 4 2.8 3.72 2.6 4
68 69 7.12 4.98 8 5.6 7.56 5.29 8
69 70 7.92 5.54 9 6.3 8.46 5.92 9
68 70 5.1 3.57 6 4.2 5.55 3.88 6
70 71 7.2 5.04 9 6.3 8.1 5.67 9
71 72 16.92 11.84 18 12.6 17.46 12.22 18
71 73 13.8 9.66 15 10.5 14.4 10.08 15
72 73 4 2.8 5 3.5 4.5 3.15 5
43 72 28.8 20.16 36 25.2 32.4 22.68 36
74 75 37.6 26.32 47 32.9 42.3 29.61 47
73 75 41.04 28.73 27 18.9 34.02 23.81 27
75 76 24 16.8 10 7 17 11.9 10
45 76 13.76 9.63 16 11.2 14.88 10.42 16
76 77 13.95 9.76 15 10.5 14.48 10.14 15
77 78 10.32 7.22 12 8.4 11.16 7.81 12
78 79 26.52 18.56 12 8.4 19.26 13.48 12
78 80 17.91 12.54 9 6.3 13.46 9.42 9
79 80 8 5.6 10 7 9 6.3 10
79 81 26.88 18.82 16 11.2 21.44 15.01 16
81 82 8.3 5.81 10 7 9.15 6.41 10
80 82 15.64 10.95 17 11.9 16.32 11.42 17
81 83 11.18 7.83 13 9.1 12.09 8.46 13
82 83 16.2 11.34 18 12.6 17.1 11.97 18
83 84 8.1 5.67 10 7 9.05 6.33 10
84 85 18 12.6 20 14 19 13.3 20
85 86 3.76 2.63 4 2.8 3.88 2.72 4
88 91 9.3 6.51 10 7 9.65 6.75 10
81 91 58.5 40.95 26 18.2 42.25 29.57 26
63 92 93.52 65.46 28 19.6 60.76 42.53 28
62 92 20.5 14.35 25 17.5 22.75 15.92 25
94 95 7.36 5.15 8 5.6 7.68 5.38 8
95 96 14.45 10.11 17 11.9 15.73 11.01 17
96 97 2.64 1.85 3 2.1 2.82 1.97 3
95 98 9.3 6.51 10 7 9.65 6.75 10
96 98 29.97 20.98 37 25.9 33.48 23.44 37
98 99 66.99 46.89 33 23.1 49.99 34.99 33
101 103 18.06 12.64 21 14.7 19.53 13.67 21
103 104 4.92 3.44 6 4.2 5.46 3.82 6
104 105 12.45 8.71 15 10.5 13.73 9.61 15
105 106 66.08 46.26 28 19.6 47.04 32.93 28
106 107 23.5 16.45 25 17.5 24.25 16.97 25
105 107 75.24 52.67 38 26.6 56.62 39.63 38
107 108 94.76 66.33 103 72.1 98.88 69.22 103
106 109 6.72 4.7 8 5.6 7.36 5.15 8
109 110 5.88 4.12 7 4.9 6.44 4.51 7
109 111 12.22 8.55 13 9.1 12.61 8.83 13
106 111 10.4 7.28 13 9.1 11.7 8.19 13
111 112 3.6 2.52 4 2.8 3.8 2.66 4
102 112 41.86 29.3 46 32.2 43.93 30.75 46
112 113 11.04 7.73 12 8.4 11.52 8.06 12
0 115 33.48 23.44 18 12.6 25.74 18.02 18
115 116 15.39 10.77 19 13.3 17.2 12.04 19
1 116 34.24 23.97 16 11.2 25.12 17.58 16
116 117 41.16 28.81 49 34.3 45.08 31.56 49
116 118 20.16 14.11 24 16.8 22.08 15.46 24
113 117 48.14 33.7 58 40.6 53.07 37.15 58
3 123 62.31 43.62 67 46.9 64.66 45.26 67
123 125 9.68 6.78 11 7.7 10.34 7.24 11
125 126 34.35 24.04 15 10.5 24.68 17.28 15
126 127 20.9 14.63 22 15.4 21.45 15.01 22
2 127 88.97 62.28 41 28.7 64.98 45.49 41
127 128 56.12 39.28 23 16.1 39.56 27.69 23
126 128 9.57 6.7 11 7.7 10.29 7.2 11
125 129 32.9 23.03 35 24.5 33.95 23.77 35
125 130 45.76 32.03 26 18.2 35.88 25.12 26
130 131 9.25 6.47 5 3.5 7.12 4.98 5
131 132 6.44 4.51 7 4.9 6.72 4.7 7
132 133 8.7 6.09 10 7 9.35 6.54 10
132 134 39.33 27.53 19 13.3 29.16 20.41 19
133 134 32.76 22.93 14 9.8 23.38 16.37 14
133 135 47.43 33.2 31 21.7 39.22 27.45 31
135 136 62.93 44.05 29 20.3 45.96 32.17 29
135 137 4.5 3.15 5 3.5 4.75 3.32 5
130 137 39.01 27.31 47 32.9 43.01 30.11 47
124 137 17.4 12.18 20 14 18.7 13.09 20
54 139 56.84 39.79 14 9.8 35.42 24.79 14
53 139 37.26 26.08 18 12.6 27.63 19.34 18
10 26 45.5 31.85 50 35 47.75 33.42 50
57 69 10.23 7.16 11 7.7 10.62 7.43 11
5 6 17.01 11.91 21 14.7 19 13.3 0
8 9 11.28 7.9 12 8.4 11.64 8.15 0
9 14 21.71 15.2 13 9.1 17.36 12.15 0
14 15 6.88 4.82 8 5.6 7.44 5.21 0
14 16 10.79 7.55 13 9.1 11.89 8.32 0
12 16 5.16 3.61 6 4.2 5.58 3.91 0
16 17 6.96 4.87 8 5.6 7.48 5.24 0
17 18 5.58 3.91 6 4.2 5.79 4.05 0
20 22 44 30.8 55 38.5 49.5 34.65 0
22 25 18.6 13.02 20 14 19.3 13.51 0
25 30 11.04 7.73 12 8.4 11.52 8.06 0
47 138 115.15 80.61 49 34.3 82.08 57.46 0
50 51 10.8 7.56 12 8.4 11.4 7.98 0
55 64 26.7 18.69 30 21 28.35 19.84 0
70 74 29.52 20.66 36 25.2 32.76 22.93 0
85 87 27.06 18.94 33 23.1 30.03 21.02 0
87 88 12.88 9.02 14 9.8 13.44 9.41 0
87 89 10.92 7.64 12 8.4 11.46 8.02 0
89 90 6.51 4.56 7 4.9 6.76 4.73 0
67 89 62.31 43.62 67 46.9 64.66 45.26 0
65 90 63.48 44.44 69 48.3 66.24 46.37 0
83 91 53.07 37.15 29 20.3 41.04 28.73 0
92 93 14.28 10 17 11.9 15.64 10.95 0
93 94 44.59 31.21 49 34.3 46.8 32.76 0
93 99 14.45 10.11 17 11.9 15.73 11.01 0
93 100 3.68 2.58 4 2.8 3.84 2.69 0
65 100 63.56 44.49 28 19.6 45.78 32.05 0
100 101 14.11 9.88 17 11.9 15.55 10.88 0
101 102 70.56 49.39 42 29.4 56.28 39.4 0
90 102 67.5 47.25 27 18.9 47.25 33.07 0
113 114 72 50.4 36 25.2 54 37.8 0
114 115 47 32.9 10 7 28.5 19.95 0
114 116 35.8 25.06 20 14 27.9 19.53 0
118 119 11.62 8.13 14 9.8 12.81 8.97 0
90 117 29.05 20.34 35 24.5 32.02 22.41 0
117 120 14.79 10.35 17 11.9 15.9 11.13 0
119 120 13.6 9.52 16 11.2 14.8 10.36 0
120 121 7.28 5.1 8 5.6 7.64 5.35 0
86 121 51.45 36.02 15 10.5 33.22 23.25 0
121 122 13.05 9.13 15 10.5 14.03 9.82 0
122 123 63.51 44.46 29 20.3 46.26 32.38 0
119 122 157.76 110.43 32 22.4 94.88 66.42 0
122 124 27.52 19.26 32 22.4 29.76 20.83 0
