0 1 26.56 18.59 32 22.4 29.28 20.5 32
1 2 12.88 9.02 14 9.8 13.44 9.41 14
1 3 15.81 11.07 17 11.9 16.41 11.49 17
3 4 46.48 32.54 56 39.2 51.24 35.87 56
8 9 16.8 11.76 20 14 18.4 12.88 20
10 11 29.76 20.83 32 22.4 30.88 21.62 32
11 15 27.26 19.08 29 20.3 28.13 19.69 29
12 15 11.7 8.19 13 9.1 12.35 8.64 13
12 13 5.88 4.12 7 4.9 6.44 4.51 7
14 16 23.66 16.56 26 18.2 24.83 17.38 26
14 17 33.06 23.14 38 26.6 35.53 24.87 38
17 18 38.54 26.98 41 28.7 39.77 27.84 41
18 19 27.84 19.49 32 22.4 29.92 20.94 32
18 20 61.18 42.83 38 26.6 49.59 34.71 38
20 21 39.27 27.49 17 11.9 28.14 19.7 17
21 74 48.24 33.77 24 16.8 36.12 25.28 24
22 30 64.4 45.08 40 28 52.2 36.54 40
30 31 52.2 36.54 58 40.6 55.1 38.57 58
31 32 25.8 18.06 30 21 27.9 19.53 30
31 33 75.68 52.98 43 30.1 59.34 41.54 43
31 34 78.26 54.78 86 60.2 82.13 57.49 86
34 40 13.05 9.13 15 10.5 14.03 9.82 15
42 43 63.96 44.77 78 54.6 70.98 49.69 78
43 44 10.8 7.56 12 8.4 11.4 7.98 12
43 45 11.05 7.74 13 9.1 12.03 8.42 13
45 46 54.78 38.35 33 23.1 43.89 30.72 33
46 47 9.1 6.37 10 7 9.55 6.69 10
46 48 14.67 10.27 9 6.3 11.83 8.28 9
48 49 14.8 10.36 8 5.6 11.4 7.98 8
48 50 9.4 6.58 10 7 9.7 6.79 10
49 51 1.64 1.15 2 1.4 1.82 1.27 2
51 53 3.24 2.27 4 2.8 3.62 2.53 4
54 55 4.92 3.44 6 4.2 5.46 3.82 6
41 56 11.34 7.94 14 9.8 12.67 8.87 14
56 57 183.3 128.31 78 54.6 130.65 91.45 78
57 58 23.25 16.27 25 17.5 24.13 16.89 25
10 58 73.32 51.32 78 54.6 75.66 52.96 78
57 59 29.37 20.56 33 23.1 31.19 21.83 33
59 60 34.32 24.02 39 27.3 36.66 25.66 39
59 61 21.62 15.13 23 16.1 22.31 15.62 23
61 62 69.3 48.51 30 21 49.65 34.75 30
62 64 50.82 35.57 21 14.7 35.91 25.14 21
61 65 13.12 9.18 16 11.2 14.56 10.19 16
65 67 37.8 26.46 45 31.5 41.4 28.98 45
57 68 141.12 98.78 32 22.4 86.56 60.59 32
58 68 10.12 7.08 11 7.7 10.56 7.39 11
3 68 238.5 166.95 75 52.5 156.75 109.72 75
22 74 16.15 11.3 17 11.9 16.57 11.6 17
19 75 7.04 4.93 8 5.6 7.52 5.26 8
20 50 1.88 1.32 2 1.4 1.94 1.36 2
43 58 46.48 32.54 28 19.6 37.24 26.07 28
4 5 13.84 9.69 8 5.6 10.92 7.64 0
4 6 19.14 13.4 6 4.2 12.57 8.8 0
6 7 38.16 26.71 18 12.6 28.08 19.66 0
7 8 22.88 16.02 26 18.2 24.44 17.11 0
9 10 11.28 7.9 12 8.4 11.64 8.15 0
13 14 6.02 4.21 7 4.9 6.51 4.56 0
12 76 24.84 17.39 12 8.4 18.42 12.89 0
17 19 36.54 25.58 21 14.7 28.77 20.14 0
21 23 3.72 2.6 4 2.8 3.86 2.7 0
23 24 24.03 16.82 27 18.9 25.52 17.86 0
24 74 14.24 9.97 16 11.2 15.12 10.58 0
24 25 16.15 11.3 17 11.9 16.57 11.6 0
22 25 11.04 7.73 12 8.4 11.52 8.06 0
25 26 35.4 24.78 15 10.5 25.2 17.64 0
25 27 34.38 24.07 18 12.6 26.19 18.33 0
27 28 26.4 18.48 16 11.2 21.2 14.84 0
24 28 43.74 30.62 27 18.9 35.37 24.76 0
29 30 12.88 9.02 14 9.8 13.44 9.41 0
32 35 23.49 16.44 27 18.9 25.25 17.67 0
32 36 348 243.6 75 52.5 211.5 148.05 0
36 37 7.12 4.98 8 5.6 7.56 5.29 0
36 38 17.64 12.35 21 14.7 19.32 13.52 0
38 39 4.5 3.15 5 3.5 4.75 3.32 0
34 38 16.38 11.47 7 4.9 11.69 8.18 0
39 40 8.37 5.86 9 6.3 8.69 6.08 0
40 41 15.3 10.71 18 12.6 16.65 11.65 0
41 42 9.02 6.31 11 7.7 10.01 7.01 0
44 45 10.2 7.14 12 8.4 11.1 7.77 0
10 47 67.94 47.56 79 55.3 73.47 51.43 0
50 52 3.72 2.6 4 2.8 3.86 2.7 0
51 52 3.68 2.58 4 2.8 3.84 2.69 0
23 52 22.32 15.62 24 16.8 23.16 16.21 0
18 49 24.9 17.43 30 21 27.45 19.21 0
41 55 53.04 37.13 26 18.2 39.52 27.66 0
62 63 22.23 15.56 9 6.3 15.62 10.93 0
69 70 49.84 34.89 56 39.2 52.92 37.04 0
70 71 12.72 8.9 6 4.2 9.36 6.55 0
70 72 10.5 7.35 5 3.5 7.75 5.42 0
71 72 11.4 7.98 5 3.5 8.2 5.74 0
72 73 51 35.7 25 17.5 38 26.6 0
17 71 79.12 55.38 92 64.4 85.56 59.89 0
55 66 87.84 61.49 36 25.2 61.92 43.34 0
11 75 6.51 4.56 7 4.9 6.76 4.73 0
14 76 24.57 17.2 13 9.1 18.78 13.15 0
75 76 29.05 20.34 35 24.5 32.02 22.41 0
59 66 24.94 17.46 29 20.3 26.97 18.88 0
61 66 27.9 19.53 31 21.7 29.45 20.61 0
