4 5 21.58 15.11 26 18.2 23.79 16.65 26
5 7 8.4 5.88 10 7 9.2 6.44 10
7 8 34.04 23.83 37 25.9 35.52 24.86 37
7 10 38.88 27.22 48 33.6 43.44 30.41 48
10 11 23.5 16.45 25 17.5 24.25 16.97 25
11 12 52.08 36.46 12 8.4 32.04 22.43 12
12 13 15.66 10.96 18 12.6 16.83 11.78 18
9 14 11.31 7.92 13 9.1 12.16 8.51 13
14 15 17.92 12.54 8 5.6 12.96 9.07 8
14 16 44.72 31.3 13 9.1 28.86 20.2 13
12 16 5.34 3.74 6 4.2 5.67 3.97 6
12 15 24.96 17.47 12 8.4 18.48 12.94 12
16 17 20 14 8 5.6 14 9.8 8
9 18 50.12 35.08 28 19.6 39.06 27.34 28
11 19 80.24 56.17 34 23.8 57.12 39.98 34
19 20 46.98 32.89 58 40.6 52.49 36.74 58
19 21 9.3 6.51 10 7 9.65 6.75 10
19 23 28.71 20.1 33 23.1 30.86 21.6 33
22 23 50.96 35.67 56 39.2 53.48 37.44 56
23 24 21 14.7 10 7 15.5 10.85 10
24 25 41.28 28.9 48 33.6 44.64 31.25 48
24 26 46.93 32.85 19 13.3 32.97 23.08 19
26 27 4.98 3.49 6 4.2 5.49 3.84 6
27 28 4.05 2.83 5 3.5 4.53 3.17 5
27 29 8.95 6.26 5 3.5 6.97 4.88 5
29 30 38.54 26.98 41 28.7 39.77 27.84 41
29 31 24.64 17.25 28 19.6 26.32 18.42 28
28 32 45.76 32.03 52 36.4 48.88 34.22 52
10 32 58.56 40.99 24 16.8 41.28 28.9 24
33 138 43.61 30.53 49 34.3 46.3 32.41 49
33 34 50.74 35.52 59 41.3 54.87 38.41 59
34 35 3.64 2.55 4 2.8 3.82 2.67 4
34 36 14.11 9.88 17 11.9 15.55 10.88 17
35 36 49.4 34.58 20 14 34.7 24.29 20
35 37 23.5 16.45 25 17.5 24.25 16.97 25
37 38 5.22 3.65 6 4.2 5.61 3.93 6
38 39 16.2 11.34 18 12.6 17.1 11.97 18
39 40 9.96 6.97 12 8.4 10.98 7.69 12
37 40 24.8 17.36 10 7 17.4 12.18 10
40 46 91.08 63.76 99 69.3 95.04 66.53 99
36 41 14.79 10.35 17 11.9 15.9 11.13 17
41 42 4.35 3.04 5 3.5 4.68 3.28 5
36 42 50.72 35.5 16 11.2 33.36 23.35 16
42 43 123.69 86.58 31 21.7 77.34 54.14 31
43 44 12.04 8.43 14 9.8 13.02 9.11 14
33 44 3.2 2.24 4 2.8 3.6 2.52 4
41 46 17.36 12.15 4 2.8 10.68 7.48 4
45 46 6.58 4.61 7 4.9 6.79 4.75 7
42 45 4.05 2.83 5 3.5 4.53 3.17 5
32 138 60.19 42.13 13 9.1 36.59 25.61 13
47 48 8.9 6.23 10 7 9.45 6.61 10
47 49 7.36 5.15 8 5.6 7.68 5.38 8
49 50 27 18.9 30 21 28.5 19.95 30
50 51 9.6 6.72 12 8.4 10.8 7.56 12
51 52 9.72 6.8 12 8.4 10.86 7.6 12
52 139 37.92 26.54 24 16.8 30.96 21.67 24
48 139 20.64 14.45 24 16.8 22.32 15.62 24
53 54 9.2 6.44 10 7 9.6 6.72 10
54 55 3.48 2.44 4 2.8 3.74 2.62 4
55 56 82.32 57.62 49 34.3 65.66 45.96 49
56 57 19 13.3 20 14 19.5 13.65 20
57 58 80 56 40 28 60 42 40
58 59 86.94 60.86 18 12.6 52.47 36.73 18
44 59 12.6 8.82 15 10.5 13.8 9.66 15
59 60 32.9 23.03 35 24.5 33.95 23.77 35
58 60 28.21 19.75 31 21.7 29.61 20.73 31
48 60 29.51 20.66 13 9.1 21.25 14.87 13
56 61 11.48 8.04 14 9.8 12.74 8.92 14
61 62 15.12 10.58 7 4.9 11.06 7.74 7
62 63 16.2 11.34 9 6.3 12.6 8.82 9
63 64 36.75 25.72 15 10.5 25.88 18.12 15
61 65 29.97 20.98 37 25.9 33.48 23.44 37
65 66 71.28 49.9 33 23.1 52.14 36.5 33
66 67 7.65 5.35 9 6.3 8.33 5.83 9
66 68 3.56 2.49 4 2.8 3.78 2.65 4
68 69 16.88 11.82 8 5.6 12.44 8.71 8
69 70 18.45 12.91 9 6.3 13.72 9.6 9
68 70 5.16 3.61 6 4.2 5.58 3.91 6
70 71 18.63 13.04 9 6.3 13.81 9.67 9
71 72 16.38 11.47 18 12.6 17.19 12.03 18
71 73 13.65 9.55 15 10.5 14.33 10.03 15
72 73 4.65 3.25 5 3.5 4.83 3.38 5
43 72 30.96 21.67 36 25.2 33.48 23.44 36
70 74 30.96 21.67 36 25.2 33.48 23.44 36
74 75 110.45 77.31 47 32.9 78.73 55.11 47
73 75 63.72 44.6 27 18.9 45.36 31.75 27
75 76 9 6.3 10 7 9.5 6.65 10
45 76 57.92 40.54 16 11.2 36.96 25.87 16
76 77 12.45 8.71 15 10.5 13.73 9.61 15
77 78 11.04 7.73 12 8.4 11.52 8.06 12
78 79 9.96 6.97 12 8.4 10.98 7.69 12
78 80 7.38 5.17 9 6.3 8.19 5.73 9
79 80 21.3 14.91 10 7 15.65 10.96 10
79 81 13.44 9.41 16 11.2 14.72 10.3 16
81 82 9.3 6.51 10 7 9.65 6.75 10
80 82 14.28 10 17 11.9 15.64 10.95 17
81 83 10.53 7.37 13 9.1 11.77 8.24 13
82 83 16.56 11.59 18 12.6 17.28 12.1 18
83 84 8.8 6.16 10 7 9.4 6.58 10
84 85 18.4 12.88 20 14 19.2 13.44 20
85 86 3.32 2.32 4 2.8 3.66 2.56 4
88 91 8.3 5.81 10 7 9.15 6.41 10
81 91 23.66 16.56 26 18.2 24.83 17.38 26
83 91 23.49 16.44 29 20.3 26.25 18.38 29
63 92 63 44.1 28 19.6 45.5 31.85 28
62 92 21.25 14.87 25 17.5 23.12 16.18 25
94 95 6.88 4.82 8 5.6 7.44 5.21 8
95 96 14.11 9.88 17 11.9 15.55 10.88 17
96 97 6.84 4.79 3 2.1 4.92 3.44 3
95 98 8.7 6.09 10 7 9.35 6.54 10
96 98 34.41 24.09 37 25.9 35.71 25 37
98 99 27.39 19.17 33 23.1 30.2 21.14 33
101 103 32.13 22.49 21 14.7 26.57 18.6 21
103 104 5.46 3.82 6 4.2 5.73 4.01 6
104 105 12.3 8.61 15 10.5 13.65 9.55 15
105 106 25.2 17.64 28 19.6 26.6 18.62 28
106 107 58.5 40.95 25 17.5 41.75 29.22 25
105 107 33.44 23.41 38 26.6 35.72 25 38
107 108 90.64 63.45 103 72.1 96.82 67.77 103
106 109 18.96 13.27 8 5.6 13.48 9.44 8
109 110 5.88 4.12 7 4.9 6.44 4.51 7
109 111 11.83 8.28 13 9.1 12.42 8.69 13
106 111 12.35 8.64 13 9.1 12.67 8.87 13
111 112 3.64 2.55 4 2.8 3.82 2.67 4
102 112 83.72 58.6 46 32.2 64.86 45.4 46
112 113 11.16 7.81 12 8.4 11.58 8.11 12
113 114 30.6 21.42 36 25.2 33.3 23.31 36
114 115 8.5 5.95 10 7 9.25 6.47 10
0 115 16.2 11.34 18 12.6 17.1 11.97 18
115 116 17.86 12.5 19 13.3 18.43 12.9 19
114 116 18 12.6 20 14 19 13.3 20
1 116 14.4 10.08 16 11.2 15.2 10.64 16
116 117 77.91 54.54 49 34.3 63.45 44.41 49
116 118 20.88 14.62 24 16.8 22.44 15.71 24
118 119 12.04 8.43 14 9.8 13.02 9.11 14
113 117 48.72 34.1 58 40.6 53.36 37.35 58
3 123 56.28 39.4 67 46.9 61.64 43.15 67
123 125 8.91 6.24 11 7.7 9.96 6.97 11
125 126 27.75 19.42 15 10.5 21.38 14.97 15
126 127 46.86 32.8 22 15.4 34.43 24.1 22
2 127 34.85 24.39 41 28.7 37.93 26.55 41
127 128 20.24 14.17 23 16.1 21.62 15.13 23
126 128 8.8 6.16 11 7.7 9.9 6.93 11
125 129 30.45 21.31 35 24.5 32.73 22.91 35
125 130 44.2 30.94 26 18.2 35.1 24.57 26
130 131 4.6 3.22 5 3.5 4.8 3.36 5
131 132 6.3 4.41 7 4.9 6.65 4.66 7
132 133 8.1 5.67 10 7 9.05 6.33 10
132 134 17.67 12.37 19 13.3 18.34 12.84 19
133 134 11.9 8.33 14 9.8 12.95 9.06 14
133 135 27.28 19.1 31 21.7 29.14 20.4 31
135 136 55.68 38.98 29 20.3 42.34 29.64 29
135 137 10.8 7.56 5 3.5 7.9 5.53 5
130 137 41.83 29.28 47 32.9 44.42 31.09 47
124 137 18 12.6 20 14 19 13.3 20
54 139 11.62 8.13 14 9.8 12.81 8.97 14
53 139 15.3 10.71 18 12.6 16.65 11.65 18
10 26 40.5 28.35 50 35 45.25 31.67 50
57 69 26.07 18.25 11 7.7 18.54 12.98 11
5 6 19.74 13.82 21 14.7 20.37 14.26 0
8 9 10.32 7.22 12 8.4 11.16 7.81 0
17 18 5.58 3.91 6 4.2 5.79 4.05 0
20 22 92.4 64.68 55 38.5 73.7 51.59 0
22 25 17.4 12.18 20 14 18.7 13.09 0
25 30 10.8 7.56 12 8.4 11.4 7.98 0
47 138 94.57 66.2 49 34.3 71.78 50.25 0
55 64 27.9 19.53 30 21 28.95 20.26 0
85 87 124.74 87.32 33 23.1 78.87 55.21 0
87 88 11.34 7.94 14 9.8 12.67 8.87 0
87 89 27.36 19.15 12 8.4 19.68 13.78 0
89 90 14 9.8 7 4.9 10.5 7.35 0
67 89 57.62 40.33 67 46.9 62.31 43.62 0
65 90 61.41 42.99 69 48.3 65.2 45.64 0
92 93 27.54 19.28 17 11.9 22.27 15.59 0
93 94 44.1 30.87 49 34.3 46.55 32.58 0
93 99 13.77 9.64 17 11.9 15.38 10.77 0
93 100 3.32 2.32 4 2.8 3.66 2.56 0
65 100 26.32 18.42 28 19.6 27.16 19.01 0
100 101 13.94 9.76 17 11.9 15.47 10.83 0
101 102 37.38 26.17 42 29.4 39.69 27.78 0
90 102 56.97 39.88 27 18.9 41.98 29.39 0
90 117 72.8 50.96 35 24.5 53.9 37.73 0
117 120 36.21 25.35 17 11.9 26.61 18.63 0
119 120 13.76 9.63 16 11.2 14.88 10.42 0
120 121 7.12 4.98 8 5.6 7.56 5.29 0
86 121 14.1 9.87 15 10.5 14.55 10.19 0
121 122 27.6 19.32 15 10.5 21.3 14.91 0
122 123 25.52 17.86 29 20.3 27.26 19.08 0
119 122 25.92 18.14 32 22.4 28.96 20.27 0
122 124 29.44 20.61 32 22.4 30.72 21.5 0
