4 5 46.54 32.58 26 18.2 36.27 25.39 26
5 6 35.7 24.99 21 14.7 28.35 19.84 21
5 7 8.6 6.02 10 7 9.3 6.51 10
7 8 34.41 24.09 37 25.9 35.71 25 37
8 9 9.84 6.89 12 8.4 10.92 7.64 12
7 10 45.12 31.58 48 33.6 46.56 32.59 48
10 11 23.5 16.45 25 17.5 24.25 16.97 25
11 12 9.6 6.72 12 8.4 10.8 7.56 12
12 13 16.74 11.72 18 12.6 17.37 12.16 18
9 14 19.89 13.92 13 9.1 16.45 11.51 13
14 15 6.88 4.82 8 5.6 7.44 5.21 8
14 16 11.96 8.37 13 9.1 12.48 8.74 13
12 16 5.4 3.78 6 4.2 5.7 3.99 6
12 15 10.68 7.48 12 8.4 11.34 7.94 12
16 17 7.52 5.26 8 5.6 7.76 5.43 8
17 18 5.22 3.65 6 4.2 5.61 3.93 6
9 18 114.52 80.16 28 19.6 71.26 49.88 28
11 19 30.94 21.66 34 23.8 32.47 22.73 34
19 20 51.62 36.13 58 40.6 54.81 38.37 58
19 21 8.5 5.95 10 7 9.25 6.47 10
20 22 218.35 152.84 55 38.5 136.68 95.68 55
19 23 31.02 21.71 33 23.1 32.01 22.41 33
22 23 49.28 34.5 56 39.2 52.64 36.85 56
23 24 9.2 6.44 10 7 9.6 6.72 10
24 25 39.84 27.89 48 33.6 43.92 30.74 48
22 25 16.8 11.76 20 14 18.4 12.88 20
24 26 16.72 11.7 19 13.3 17.86 12.5 19
26 27 4.98 3.49 6 4.2 5.49 3.84 6
27 28 10.15 7.1 5 3.5 7.57 5.3 5
27 29 4.65 3.25 5 3.5 4.83 3.38 5
29 30 200.49 140.34 41 28.7 120.74 84.52 41
25 30 25.68 17.98 12 8.4 18.84 13.19 12
29 31 22.68 15.88 28 19.6 25.34 17.74 28
28 32 46.8 32.76 52 36.4 49.4 34.58 52
10 32 20.64 14.45 24 16.8 22.32 15.62 24
33 138 164.64 115.25 49 34.3 106.82 74.77 49
33 34 48.38 33.87 59 41.3 53.69 37.58 59
34 35 8.24 5.77 4 2.8 6.12 4.28 4
34 36 14.79 10.35 17 11.9 15.9 11.13 17
35 36 48.2 33.74 20 14 34.1 23.87 20
35 37 23.5 16.45 25 17.5 24.25 16.97 25
37 38 5.4 3.78 6 4.2 5.7 3.99 6
38 39 15.3 10.71 18 12.6 16.65 11.65 18
39 40 10.32 7.22 12 8.4 11.16 7.81 12
37 40 24.9 17.43 10 7 17.45 12.21 10
40 46 356.4 249.48 99 69.3 227.7 159.39 99
36 41 15.47 10.83 17 11.9 16.23 11.36 17
41 42 4.45 3.11 5 3.5 4.73 3.31 5
36 42 13.92 9.74 16 11.2 14.96 10.47 16
42 43 28.83 20.18 31 21.7 29.92 20.94 31
43 44 11.9 8.33 14 9.8 12.95 9.06 14
33 44 3.72 2.6 4 2.8 3.86 2.7 4
41 46 9.44 6.61 4 2.8 6.72 4.7 4
45 46 12.18 8.53 7 4.9 9.59 6.71 7
42 45 10.2 7.14 5 3.5 7.6 5.32 5
32 138 10.79 7.55 13 9.1 11.89 8.32 13
47 138 197.96 138.57 49 34.3 123.48 86.44 49
47 48 8.2 5.74 10 7 9.1 6.37 10
47 49 6.72 4.7 8 5.6 7.36 5.15 8
49 50 67.8 47.46 30 21 48.9 34.23 30
50 51 10.56 7.39 12 8.4 11.28 7.9 12
51 52 9.72 6.8 12 8.4 10.86 7.6 12
52 139 51.84 36.29 24 16.8 37.92 26.54 24
48 139 22.32 15.62 24 16.8 23.16 16.21 24
53 54 8.4 5.88 10 7 9.2 6.44 10
54 55 9.36 6.55 4 2.8 6.68 4.68 4
55 56 43.12 30.18 49 34.3 46.06 32.24 49
56 57 18.4 12.88 20 14 19.2 13.44 20
57 58 77.2 54.04 40 28 58.6 41.02 40
58 59 15.12 10.58 18 12.6 16.56 11.59 18
44 59 13.35 9.34 15 10.5 14.18 9.93 15
59 60 29.75 20.82 35 24.5 32.38 22.67 35
58 60 26.97 18.88 31 21.7 28.99 20.29 31
48 60 31.85 22.29 13 9.1 22.43 15.7 13
56 61 13.16 9.21 14 9.8 13.58 9.51 14
61 62 6.44 4.51 7 4.9 6.72 4.7 7
62 63 7.38 5.17 9 6.3 8.19 5.73 9
63 64 12.3 8.61 15 10.5 13.65 9.55 15
55 64 24.6 17.22 30 21 27.3 19.11 30
61 65 32.19 22.53 37 25.9 34.59 24.21 37
65 66 28.71 20.1 33 23.1 30.86 21.6 33
66 67 7.74 5.42 9 6.3 8.37 5.86 9
66 68 3.8 2.66 4 2.8 3.9 2.73 4
68 69 6.8 4.76 8 5.6 7.4 5.18 8
69 70 7.92 5.54 9 6.3 8.46 5.92 9
68 70 5.28 3.7 6 4.2 5.64 3.95 6
70 71 7.92 5.54 9 6.3 8.46 5.92 9
71 72 63.18 44.23 18 12.6 40.59 28.41 18
71 73 12.9 9.03 15 10.5 13.95 9.76 15
72 73 4.7 3.29 5 3.5 4.85 3.39 5
43 72 144 100.8 36 25.2 90 63 36
70 74 29.88 20.92 36 25.2 32.94 23.06 36
74 75 113.74 79.62 47 32.9 80.37 56.26 47
73 75 62.64 43.85 27 18.9 44.82 31.37 27
75 76 8.2 5.74 10 7 9.1 6.37 10
45 76 25.12 17.58 16 11.2 20.56 14.39 16
76 77 13.35 9.34 15 10.5 14.18 9.93 15
77 78 11.28 7.9 12 8.4 11.64 8.15 12
78 79 10.32 7.22 12 8.4 11.16 7.81 12
78 80 8.19 5.73 9 6.3 8.6 6.02 9
79 80 36.2 25.34 10 7 23.1 16.17 10
79 81 13.92 9.74 16 11.2 14.96 10.47 16
81 82 8.7 6.09 10 7 9.35 6.54 10
80 82 13.77 9.64 17 11.9 15.38 10.77 17
81 83 10.4 7.28 13 9.1 11.7 8.19 13
82 83 38.16 26.71 18 12.6 28.08 19.66 18
83 84 30.8 21.56 10 7 20.4 14.28 10
84 85 18.6 13.02 20 14 19.3 13.51 20
85 86 3.6 2.52 4 2.8 3.8 2.66 4
85 87 29.37 20.56 33 23.1 31.19 21.83 33
87 88 11.76 8.23 14 9.8 12.88 9.02 14
87 89 11.4 7.98 12 8.4 11.7 8.19 12
89 90 6.37 4.46 7 4.9 6.69 4.68 7
67 89 58.96 41.27 67 46.9 62.98 44.09 67
65 90 62.79 43.95 69 48.3 65.9 46.13 69
88 91 8.5 5.95 10 7 9.25 6.47 10
81 91 22.1 15.47 26 18.2 24.05 16.84 26
83 91 27.26 19.08 29 20.3 28.13 19.69 29
63 92 23.24 16.27 28 19.6 25.62 17.93 28
62 92 38.25 26.77 25 17.5 31.63 22.14 25
92 93 14.28 10 17 11.9 15.64 10.95 17
93 94 101.43 71 49 34.3 75.21 52.65 49
94 95 7.2 5.04 8 5.6 7.6 5.32 8
95 96 15.3 10.71 17 11.9 16.15 11.3 17
96 97 2.76 1.93 3 2.1 2.88 2.02 3
95 98 9.1 6.37 10 7 9.55 6.69 10
96 98 34.41 24.09 37 25.9 35.71 25 37
98 99 27.06 18.94 33 23.1 30.03 21.02 33
93 99 36.38 25.47 17 11.9 26.69 18.68 17
93 100 8.84 6.19 4 2.8 6.42 4.49 4
65 100 23.8 16.66 28 19.6 25.9 18.13 28
100 101 15.47 10.83 17 11.9 16.23 11.36 17
101 102 36.96 25.87 42 29.4 39.48 27.64 42
90 102 22.68 15.88 27 18.9 24.84 17.39 27
101 103 18.48 12.94 21 14.7 19.74 13.82 21
103 104 5.16 3.61 6 4.2 5.58 3.91 6
104 105 13.35 9.34 15 10.5 14.18 9.93 15
105 106 65.52 45.86 28 19.6 46.76 32.73 28
106 107 50 35 25 17.5 37.5 26.25 25
105 107 77.9 54.53 38 26.6 57.95 40.56 38
107 108 88.58 62.01 103 72.1 95.79 67.05 103
106 109 7.2 5.04 8 5.6 7.6 5.32 8
109 110 5.74 4.02 7 4.9 6.37 4.46 7
109 111 62.27 43.59 13 9.1 37.63 26.34 13
106 111 27.04 18.93 13 9.1 20.02 14.01 13
111 112 6.44 4.51 4 2.8 5.22 3.65 4
102 112 69.92 48.94 46 32.2 57.96 40.57 46
112 113 10.56 7.39 12 8.4 11.28 7.9 12
113 114 33.48 23.44 36 25.2 34.74 24.32 36
114 115 8.2 5.74 10 7 9.1 6.37 10
0 115 16.38 11.47 18 12.6 17.19 12.03 18
115 116 16.72 11.7 19 13.3 17.86 12.5 19
114 116 18.2 12.74 20 14 19.1 13.37 20
1 116 68.16 47.71 16 11.2 42.08 29.46 16
116 117 46.06 32.24 49 34.3 47.53 33.27 49
116 118 20.88 14.62 24 16.8 22.44 15.71 24
118 119 21.28 14.9 14 9.8 17.64 12.35 14
113 117 47.56 33.29 58 40.6 52.78 36.95 58
90 117 28.7 20.09 35 24.5 31.85 22.29 35
117 120 15.81 11.07 17 11.9 16.41 11.49 17
119 120 13.92 9.74 16 11.2 14.96 10.47 16
120 121 7.28 5.1 8 5.6 7.64 5.35 8
86 121 24.6 17.22 15 10.5 19.8 13.86 15
121 122 13.05 9.13 15 10.5 14.03 9.82 15
122 123 26.97 18.88 29 20.3 27.99 19.59 29
119 122 28.16 19.71 32 22.4 30.08 21.06 32
122 124 27.84 19.49 32 22.4 29.92 20.94 32
3 123 55.61 38.93 67 46.9 61.3 42.91 67
123 125 9.9 6.93 11 7.7 10.45 7.31 11
125 126 13.35 9.34 15 10.5 14.18 9.93 15
126 127 17.82 12.47 22 15.4 19.91 13.94 22
2 127 36.49 25.54 41 28.7 38.75 27.12 41
127 128 20.7 14.49 23 16.1 21.85 15.29 23
126 128 19.58 13.71 11 7.7 15.29 10.7 11
125 129 32.2 22.54 35 24.5 33.6 23.52 35
125 130 101.14 70.8 26 18.2 63.57 44.5 26
130 131 4 2.8 5 3.5 4.5 3.15 5
131 132 14.35 10.04 7 4.9 10.67 7.47 7
132 133 8.5 5.95 10 7 9.25 6.47 10
132 134 17.67 12.37 19 13.3 18.34 12.84 19
133 134 11.2 7.84 14 9.8 12.6 8.82 14
133 135 49.91 34.94 31 21.7 40.46 28.32 31
135 136 24.36 17.05 29 20.3 26.68 18.68 29
135 137 4.55 3.18 5 3.5 4.78 3.35 5
130 137 40.89 28.62 47 32.9 43.95 30.77 47
124 137 38.8 27.16 20 14 29.4 20.58 20
54 139 11.76 8.23 14 9.8 12.88 9.02 14
53 139 16.92 11.84 18 12.6 17.46 12.22 18
10 26 44.5 31.15 50 35 47.25 33.07 50
57 69 9.24 6.47 11 7.7 10.12 7.08 11
