4 5 60.06 42.04 26 18.2 43.03 30.12 26
5 6 18.27 12.79 21 14.7 19.64 13.75 21
5 7 21.1 14.77 10 7 15.55 10.88 10
7 8 29.6 20.72 37 25.9 33.3 23.31 37
8 9 10.68 7.48 12 8.4 11.34 7.94 12
7 10 43.2 30.24 48 33.6 45.6 31.92 48
10 11 56.25 39.38 25 17.5 40.62 28.43 25
11 12 23.16 16.21 12 8.4 17.58 12.31 12
12 13 32.58 22.81 18 12.6 25.29 17.7 18
9 14 28.34 19.84 13 9.1 20.67 14.47 13
14 15 6.8 4.76 8 5.6 7.4 5.18 8
14 16 24.31 17.02 13 9.1 18.66 13.06 13
12 16 9.84 6.89 6 4.2 7.92 5.54 6
12 15 11.04 7.73 12 8.4 11.52 8.06 12
16 17 7.28 5.1 8 5.6 7.64 5.35 8
17 18 4.98 3.49 6 4.2 5.49 3.84 6
9 18 25.76 18.03 28 19.6 26.88 18.82 28
11 19 30.26 21.18 34 23.8 32.13 22.49 34
19 20 53.94 37.76 58 40.6 55.97 39.18 58
19 21 8.4 5.88 10 7 9.2 6.44 10
20 22 45.1 31.57 55 38.5 50.05 35.03 55
19 23 61.38 42.97 33 23.1 47.19 33.03 33
22 23 228.48 159.94 56 39.2 142.24 99.57 56
23 24 8.9 6.23 10 7 9.45 6.61 10
24 25 94.56 66.19 48 33.6 71.28 49.9 48
22 25 36 25.2 20 14 28 19.6 20
24 26 17.1 11.97 19 13.3 18.05 12.63 19
26 27 5.46 3.82 6 4.2 5.73 4.01 6
27 28 15.65 10.96 5 3.5 10.32 7.22 5
27 29 4.6 3.22 5 3.5 4.8 3.36 5
29 30 86.92 60.84 41 28.7 63.96 44.77 41
25 30 11.16 7.81 12 8.4 11.58 8.11 12
29 31 25.76 18.03 28 19.6 26.88 18.82 28
28 32 46.8 32.76 52 36.4 49.4 34.58 52
10 32 22.08 15.46 24 16.8 23.04 16.13 24
33 138 40.67 28.47 49 34.3 44.84 31.39 49
33 34 48.38 33.87 59 41.3 53.69 37.58 59
34 35 3.24 2.27 4 2.8 3.62 2.53 4
34 36 14.79 10.35 17 11.9 15.9 11.13 17
35 36 17.4 12.18 20 14 18.7 13.09 20
35 37 23.5 16.45 25 17.5 24.25 16.97 25
37 38 5.64 3.95 6 4.2 5.82 4.07 6
38 39 16.38 11.47 18 12.6 17.19 12.03 18
39 40 10.2 7.14 12 8.4 11.1 7.77 12
37 40 8.8 6.16 10 7 9.4 6.58 10
40 46 152.46 106.72 99 69.3 125.73 88.01 99
36 41 52.36 36.65 17 11.9 34.68 24.28 17
41 42 4.35 3.04 5 3.5 4.68 3.28 5
36 42 13.28 9.3 16 11.2 14.64 10.25 16
42 43 25.42 17.79 31 21.7 28.21 19.75 31
43 44 11.76 8.23 14 9.8 12.88 9.02 14
33 44 3.28 2.3 4 2.8 3.64 2.55 4
41 46 7 4.9 4 2.8 5.5 3.85 4
45 46 6.58 4.61 7 4.9 6.79 4.75 7
42 45 4.45 3.11 5 3.5 4.73 3.31 5
32 138 10.79 7.55 13 9.1 11.89 8.32 13
47 138 41.65 29.15 49 34.3 45.33 31.73 49
47 48 8.1 5.67 10 7 9.05 6.33 10
47 49 6.88 4.82 8 5.6 7.44 5.21 8
49 50 26.4 18.48 30 21 28.2 19.74 30
50 51 9.96 6.97 12 8.4 10.98 7.69 12
51 52 11.28 7.9 12 8.4 11.64 8.15 12
52 139 54.48 38.14 24 16.8 39.24 27.47 24
48 139 78.24 54.77 24 16.8 51.12 35.78 24
53 54 38.1 26.67 10 7 24.05 16.84 10
54 55 3.2 2.24 4 2.8 3.6 2.52 4
55 56 44.59 31.21 49 34.3 46.8 32.76 49
56 57 17.4 12.18 20 14 18.7 13.09 20
57 58 33.2 23.24 40 28 36.6 25.62 40
58 59 16.56 11.59 18 12.6 17.28 12.1 18
44 59 12.75 8.92 15 10.5 13.88 9.72 15
59 60 118.65 83.05 35 24.5 76.83 53.78 35
58 60 25.42 17.79 31 21.7 28.21 19.75 31
48 60 11.31 7.92 13 9.1 12.16 8.51 13
56 61 12.32 8.62 14 9.8 13.16 9.21 14
61 62 5.88 4.12 7 4.9 6.44 4.51 7
62 63 8.46 5.92 9 6.3 8.73 6.11 9
63 64 12.3 8.61 15 10.5 13.65 9.55 15
55 64 26.1 18.27 30 21 28.05 19.63 30
61 65 31.45 22.01 37 25.9 34.23 23.96 37
65 66 27.72 19.4 33 23.1 30.36 21.25 33
66 67 14.13 9.89 9 6.3 11.57 8.1 9
66 68 9.8 6.86 4 2.8 6.9 4.83 4
68 69 7.52 5.26 8 5.6 7.76 5.43 8
69 70 8.28 5.8 9 6.3 8.64 6.05 9
68 70 5.52 3.86 6 4.2 5.76 4.03 6
70 71 7.29 5.1 9 6.3 8.14 5.7 9
71 72 15.3 10.71 18 12.6 16.65 11.65 18
71 73 13.2 9.24 15 10.5 14.1 9.87 15
72 73 4.5 3.15 5 3.5 4.75 3.32 5
43 72 29.16 20.41 36 25.2 32.58 22.81 36
70 74 32.76 22.93 36 25.2 34.38 24.07 36
74 75 42.77 29.94 47 32.9 44.89 31.42 47
73 75 23.22 16.25 27 18.9 25.11 17.58 27
75 76 9.4 6.58 10 7 9.7 6.79 10
45 76 24.16 16.91 16 11.2 20.08 14.06 16
76 77 13.8 9.66 15 10.5 14.4 10.08 15
77 78 10.08 7.06 12 8.4 11.04 7.73 12
78 79 55.56 38.89 12 8.4 33.78 23.65 12
78 80 15.93 11.15 9 6.3 12.46 8.72 9
79 80 8.9 6.23 10 7 9.45 6.61 10
79 81 61.44 43.01 16 11.2 38.72 27.1 16
81 82 8.8 6.16 10 7 9.4 6.58 10
80 82 34.85 24.39 17 11.9 25.92 18.14 17
81 83 11.7 8.19 13 9.1 12.35 8.64 13
82 83 27 18.9 18 12.6 22.5 15.75 18
83 84 8.3 5.81 10 7 9.15 6.41 10
84 85 18.2 12.74 20 14 19.1 13.37 20
85 86 6.44 4.51 4 2.8 5.22 3.65 4
85 87 31.35 21.95 33 23.1 32.17 22.52 33
87 88 29.12 20.38 14 9.8 21.56 15.09 14
87 89 9.6 6.72 12 8.4 10.8 7.56 12
89 90 6.02 4.21 7 4.9 6.51 4.56 7
67 89 60.97 42.68 67 46.9 63.99 44.79 67
65 90 255.99 179.19 69 48.3 162.5 113.75 69
88 91 8.2 5.74 10 7 9.1 6.37 10
81 91 23.92 16.74 26 18.2 24.96 17.47 26
83 91 24.36 17.05 29 20.3 26.68 18.68 29
63 92 51.52 36.06 28 19.6 39.76 27.83 28
62 92 21.5 15.05 25 17.5 23.25 16.27 25
92 93 13.94 9.76 17 11.9 15.47 10.83 17
93 94 42.63 29.84 49 34.3 45.82 32.07 49
94 95 26.24 18.37 8 5.6 17.12 11.98 8
95 96 13.77 9.64 17 11.9 15.38 10.77 17
96 97 2.43 1.7 3 2.1 2.71 1.9 3
95 98 37.1 25.97 10 7 23.55 16.48 10
96 98 88.43 61.9 37 25.9 62.72 43.9 37
98 99 26.73 18.71 33 23.1 29.87 20.91 33
93 99 13.77 9.64 17 11.9 15.38 10.77 17
93 100 3.64 2.55 4 2.8 3.82 2.67 4
65 100 22.68 15.88 28 19.6 25.34 17.74 28
100 101 28.73 20.11 17 11.9 22.86 16 17
101 102 69.72 48.8 42 29.4 55.86 39.1 42
90 102 24.57 17.2 27 18.9 25.79 18.05 27
101 103 17.85 12.5 21 14.7 19.43 13.6 21
103 104 14.76 10.33 6 4.2 10.38 7.27 6
104 105 13.05 9.13 15 10.5 14.03 9.82 15
105 106 46.2 32.34 28 19.6 37.1 25.97 28
106 107 20 14 25 17.5 22.5 15.75 25
105 107 70.68 49.48 38 26.6 54.34 38.04 38
107 108 92.7 64.89 103 72.1 97.85 68.49 103
106 109 6.72 4.7 8 5.6 7.36 5.15 8
109 110 13.65 9.55 7 4.9 10.33 7.23 7
109 111 11.96 8.37 13 9.1 12.48 8.74 13
106 111 11.31 7.92 13 9.1 12.16 8.51 13
111 112 3.28 2.3 4 2.8 3.64 2.55 4
102 112 40.02 28.01 46 32.2 43.01 30.11 46
112 113 10.56 7.39 12 8.4 11.28 7.9 12
113 114 31.32 21.92 36 25.2 33.66 23.56 36
114 115 23.7 16.59 10 7 16.85 11.79 10
0 115 61.92 43.34 18 12.6 39.96 27.97 18
115 116 16.53 11.57 19 13.3 17.77 12.44 19
114 116 16.8 11.76 20 14 18.4 12.88 20
1 116 13.44 9.41 16 11.2 14.72 10.3 16
116 117 41.16 28.81 49 34.3 45.08 31.56 49
116 118 48.72 34.1 24 16.8 36.36 25.45 24
118 119 27.72 19.4 14 9.8 20.86 14.6 14
113 117 49.3 34.51 58 40.6 53.65 37.55 58
90 117 30.45 21.31 35 24.5 32.73 22.91 35
117 120 14.79 10.35 17 11.9 15.9 11.13 17
119 120 64.96 45.47 16 11.2 40.48 28.34 16
120 121 7.28 5.1 8 5.6 7.64 5.35 8
86 121 24 16.8 15 10.5 19.5 13.65 15
121 122 12.3 8.61 15 10.5 13.65 9.55 15
122 123 47.85 33.49 29 20.3 38.42 26.89 29
119 122 27.2 19.04 32 22.4 29.6 20.72 32
122 124 29.76 20.83 32 22.4 30.88 21.62 32
3 123 62.31 43.62 67 46.9 64.66 45.26 67
123 125 9.46 6.62 11 7.7 10.23 7.16 11
125 126 65.4 45.78 15 10.5 40.2 28.14 15
126 127 20.68 14.48 22 15.4 21.34 14.94 22
2 127 36.08 25.26 41 28.7 38.54 26.98 41
127 128 21.62 15.13 23 16.1 22.31 15.62 23
126 128 9.35 6.54 11 7.7 10.18 7.13 11
125 129 33.25 23.27 35 24.5 34.12 23.88 35
125 130 60.58 42.41 26 18.2 43.29 30.3 26
130 131 10.45 7.31 5 3.5 7.72 5.4 5
131 132 11.27 7.89 7 4.9 9.14 6.4 7
132 133 24.7 17.29 10 7 17.35 12.14 10
132 134 17.67 12.37 19 13.3 18.34 12.84 19
133 134 12.88 9.02 14 9.8 13.44 9.41 14
133 135 24.8 17.36 31 21.7 27.9 19.53 31
135 136 23.78 16.65 29 20.3 26.39 18.47 29
135 137 4.25 2.97 5 3.5 4.62 3.23 5
130 137 83.66 58.56 47 32.9 65.33 45.73 47
124 137 18.8 13.16 20 14 19.4 13.58 20
54 139 25.9 18.13 14 9.8 19.95 13.96 14
53 139 28.44 19.91 18 12.6 23.22 16.25 18
10 26 47 32.9 50 35 48.5 33.95 50
57 69 9.13 6.39 11 7.7 10.07 7.05 11
