4 5 41.08 28.76 26 18.2 33.54 23.48 26
5 6 19.53 13.67 21 14.7 20.27 14.19 21
5 7 8.4 5.88 10 7 9.2 6.44 10
7 8 83.62 58.53 37 25.9 60.31 42.22 37
8 9 11.28 7.9 12 8.4 11.64 8.15 12
7 10 42.24 29.57 48 33.6 45.12 31.58 48
10 11 20.25 14.17 25 17.5 22.62 15.83 25
11 12 9.84 6.89 12 8.4 10.92 7.64 12
12 13 14.94 10.46 18 12.6 16.47 11.53 18
9 14 52.26 36.58 13 9.1 32.63 22.84 13
14 15 6.88 4.82 8 5.6 7.44 5.21 8
14 16 28.34 19.84 13 9.1 20.67 14.47 13
12 16 23.22 16.25 6 4.2 14.61 10.23 6
12 15 10.56 7.39 12 8.4 11.28 7.9 12
16 17 6.4 4.48 8 5.6 7.2 5.04 8
17 18 5.04 3.53 6 4.2 5.52 3.86 6
9 18 54.6 38.22 28 19.6 41.3 28.91 28
11 19 27.2 19.04 34 23.8 30.6 21.42 34
19 20 103.24 72.27 58 40.6 80.62 56.43 58
19 21 8.8 6.16 10 7 9.4 6.58 10
20 22 45.1 31.57 55 38.5 50.05 35.03 55
19 23 29.7 20.79 33 23.1 31.35 21.95 33
22 23 50.4 35.28 56 39.2 53.2 37.24 56
23 24 8.3 5.81 10 7 9.15 6.41 10
24 25 41.76 29.23 48 33.6 44.88 31.42 48
22 25 18.2 12.74 20 14 19.1 13.37 20
24 26 17.86 12.5 19 13.3 18.43 12.9 19
26 27 5.58 3.91 6 4.2 5.79 4.05 6
27 28 4.45 3.11 5 3.5 4.73 3.31 5
27 29 4.2 2.94 5 3.5 4.6 3.22 5
29 30 33.62 23.53 41 28.7 37.31 26.12 41
25 30 10.44 7.31 12 8.4 11.22 7.85 12
29 31 26.04 18.23 28 19.6 27.02 18.91 28
28 32 45.76 32.03 52 36.4 48.88 34.22 52
10 32 51.36 35.95 24 16.8 37.68 26.38 24
33 138 196.49 137.54 49 34.3 122.74 85.92 49
33 34 55.46 38.82 59 41.3 57.23 40.06 59
34 35 3.36 2.35 4 2.8 3.68 2.58 4
34 36 14.11 9.88 17 11.9 15.55 10.88 17
35 36 17.6 12.32 20 14 18.8 13.16 20
35 37 23.75 16.62 25 17.5 24.38 17.07 25
37 38 5.16 3.61 6 4.2 5.58 3.91 6
38 39 14.76 10.33 18 12.6 16.38 11.47 18
39 40 53.4 37.38 12 8.4 32.7 22.89 12
37 40 8.6 6.02 10 7 9.3 6.51 10
40 46 85.14 59.6 99 69.3 92.07 64.45 99
36 41 15.47 10.83 17 11.9 16.23 11.36 17
41 42 4.1 2.87 5 3.5 4.55 3.18 5
36 42 70.88 49.62 16 11.2 43.44 30.41 16
42 43 28.52 19.96 31 21.7 29.76 20.83 31
43 44 34.72 24.3 14 9.8 24.36 17.05 14
33 44 9.92 6.94 4 2.8 6.96 4.87 4
41 46 3.36 2.35 4 2.8 3.68 2.58 4
45 46 16.38 11.47 7 4.9 11.69 8.18 7
42 45 4.65 3.25 5 3.5 4.83 3.38 5
32 138 27.69 19.38 13 9.1 20.34 14.24 13
47 138 44.1 30.87 49 34.3 46.55 32.58 49
47 48 20.9 14.63 10 7 15.45 10.81 10
47 49 13.28 9.3 8 5.6 10.64 7.45 8
49 50 73.2 51.24 30 21 51.6 36.12 30
50 51 9.72 6.8 12 8.4 10.86 7.6 12
51 52 9.72 6.8 12 8.4 10.86 7.6 12
52 139 19.92 13.94 24 16.8 21.96 15.37 24
48 139 21.84 15.29 24 16.8 22.92 16.04 24
53 54 9.3 6.51 10 7 9.65 6.75 10
54 55 7.12 4.98 4 2.8 5.56 3.89 4
55 56 46.06 32.24 49 34.3 47.53 33.27 49
56 57 18.4 12.88 20 14 19.2 13.44 20
57 58 35.6 24.92 40 28 37.8 26.46 40
58 59 28.62 20.03 18 12.6 23.31 16.32 18
44 59 13.5 9.45 15 10.5 14.25 9.97 15
59 60 151.2 105.84 35 24.5 93.1 65.17 35
58 60 27.59 19.31 31 21.7 29.3 20.51 31
48 60 22.49 15.74 13 9.1 17.75 12.42 13
56 61 23.52 16.46 14 9.8 18.76 13.13 14
61 62 6.44 4.51 7 4.9 6.72 4.7 7
62 63 7.47 5.23 9 6.3 8.23 5.76 9
63 64 12 8.4 15 10.5 13.5 9.45 15
55 64 24 16.8 30 21 27 18.9 30
61 65 30.34 21.24 37 25.9 33.67 23.57 37
65 66 30.03 21.02 33 23.1 31.52 22.06 33
66 67 14.67 10.27 9 6.3 11.83 8.28 9
66 68 8.56 5.99 4 2.8 6.28 4.4 4
68 69 6.88 4.82 8 5.6 7.44 5.21 8
69 70 7.29 5.1 9 6.3 8.14 5.7 9
68 70 5.16 3.61 6 4.2 5.58 3.91 6
70 71 7.83 5.48 9 6.3 8.42 5.89 9
71 72 14.76 10.33 18 12.6 16.38 11.47 18
71 73 12.75 8.92 15 10.5 13.88 9.72 15
72 73 4.25 2.97 5 3.5 4.62 3.23 5
43 72 29.52 20.66 36 25.2 32.76 22.93 36
70 74 29.16 20.41 36 25.2 32.58 22.81 36
74 75 94.47 66.13 47 32.9 70.73 49.51 47
73 75 24.84 17.39 27 18.9 25.92 18.14 27
75 76 23.6 16.52 10 7 16.8 11.76 10
45 76 13.6 9.52 16 11.2 14.8 10.36 16
76 77 12.6 8.82 15 10.5 13.8 9.66 15
77 78 10.8 7.56 12 8.4 11.4 7.98 12
78 79 9.96 6.97 12 8.4 10.98 7.69 12
78 80 7.38 5.17 9 6.3 8.19 5.73 9
79 80 9 6.3 10 7 9.5 6.65 10
79 81 13.92 9.74 16 11.2 14.96 10.47 16
81 82 8 5.6 10 7 9 6.3 10
80 82 14.96 10.47 17 11.9 15.98 11.19 17
81 83 12.35 8.64 13 9.1 12.67 8.87 13
82 83 44.46 31.12 18 12.6 31.23 21.86 18
83 84 9.4 6.58 10 7 9.7 6.79 10
84 85 41.2 28.84 20 14 30.6 21.42 20
85 86 3.6 2.52 4 2.8 3.8 2.66 4
85 87 28.38 19.87 33 23.1 30.69 21.48 33
87 88 13.16 9.21 14 9.8 13.58 9.51 14
87 89 10.44 7.31 12 8.4 11.22 7.85 12
89 90 5.6 3.92 7 4.9 6.3 4.41 7
67 89 61.64 43.15 67 46.9 64.32 45.02 67
65 90 55.89 39.12 69 48.3 62.45 43.71 69
88 91 8.8 6.16 10 7 9.4 6.58 10
81 91 21.84 15.29 26 18.2 23.92 16.74 26
83 91 24.94 17.46 29 20.3 26.97 18.88 29
63 92 24.08 16.86 28 19.6 26.04 18.23 28
62 92 21 14.7 25 17.5 23 16.1 25
92 93 15.47 10.83 17 11.9 16.23 11.36 17
93 94 42.63 29.84 49 34.3 45.82 32.07 49
94 95 6.88 4.82 8 5.6 7.44 5.21 8
95 96 60.01 42.01 17 11.9 38.5 26.95 17
96 97 5.61 3.93 3 2.1 4.3 3.01 3
95 98 8.4 5.88 10 7 9.2 6.44 10
96 98 69.19 48.43 37 25.9 53.09 37.16 37
98 99 30.69 21.48 33 23.1 31.85 22.29 33
93 99 15.13 10.59 17 11.9 16.07 11.25 17
93 100 8.76 6.13 4 2.8 6.38 4.47 4
65 100 22.68 15.88 28 19.6 25.34 17.74 28
100 101 39.1 27.37 17 11.9 28.05 19.63 17
101 102 36.54 25.58 42 29.4 39.27 27.49 42
90 102 42.93 30.05 27 18.9 34.96 24.47 27
101 103 19.53 13.67 21 14.7 20.27 14.19 21
103 104 5.22 3.65 6 4.2 5.61 3.93 6
104 105 12.15 8.5 15 10.5 13.58 9.51 15
105 106 22.96 16.07 28 19.6 25.48 17.84 28
106 107 23.5 16.45 25 17.5 24.25 16.97 25
105 107 34.96 24.47 38 26.6 36.48 25.54 38
107 108 96.82 67.77 103 72.1 99.91 69.94 103
106 109 6.4 4.48 8 5.6 7.2 5.04 8
109 110 6.23 4.36 7 4.9 6.62 4.63 7
109 111 20.41 14.29 13 9.1 16.71 11.7 13
106 111 12.35 8.64 13 9.1 12.67 8.87 13
111 112 3.2 2.24 4 2.8 3.6 2.52 4
102 112 41.4 28.98 46 32.2 43.7 30.59 46
112 113 11.16 7.81 12 8.4 11.58 8.11 12
113 114 31.68 22.18 36 25.2 33.84 23.69 36
114 115 8.5 5.95 10 7 9.25 6.47 10
0 115 30.96 21.67 18 12.6 24.48 17.14 18
115 116 17.29 12.1 19 13.3 18.15 12.7 19
114 116 17.6 12.32 20 14 18.8 13.16 20
1 116 14.4 10.08 16 11.2 15.2 10.64 16
116 117 40.18 28.13 49 34.3 44.59 31.21 49
116 118 22.32 15.62 24 16.8 23.16 16.21 24
118 119 34.44 24.11 14 9.8 24.22 16.95 14
113 117 102.08 71.46 58 40.6 80.04 56.03 58
90 117 32.2 22.54 35 24.5 33.6 23.52 35
117 120 15.13 10.59 17 11.9 16.07 11.25 17
119 120 13.6 9.52 16 11.2 14.8 10.36 16
120 121 7.28 5.1 8 5.6 7.64 5.35 8
86 121 13.2 9.24 15 10.5 14.1 9.87 15
121 122 12.9 9.03 15 10.5 13.95 9.76 15
122 123 24.36 17.05 29 20.3 26.68 18.68 29
119 122 27.52 19.26 32 22.4 29.76 20.83 32
122 124 26.24 18.37 32 22.4 29.12 20.38 32
3 123 56.28 39.4 67 46.9 61.64 43.15 67
123 125 9.57 6.7 11 7.7 10.29 7.2 11
125 126 13.35 9.34 15 10.5 14.18 9.93 15
126 127 18.48 12.94 22 15.4 20.24 14.17 22
2 127 37.31 26.12 41 28.7 39.16 27.41 41
127 128 18.86 13.2 23 16.1 20.93 14.65 23
126 128 17.49 12.24 11 7.7 14.24 9.97 11
125 129 62.65 43.85 35 24.5 48.83 34.18 35
125 130 47.58 33.31 26 18.2 36.79 25.75 26
130 131 11.1 7.77 5 3.5 8.05 5.63 5
131 132 12.53 8.77 7 4.9 9.77 6.84 7
132 133 18 12.6 10 7 14 9.8 10
132 134 44.08 30.86 19 13.3 31.54 22.08 19
133 134 11.76 8.23 14 9.8 12.88 9.02 14
133 135 25.42 17.79 31 21.7 28.21 19.75 31
135 136 24.65 17.25 29 20.3 26.83 18.78 29
135 137 23.7 16.59 5 3.5 14.35 10.04 5
130 137 73.79 51.65 47 32.9 60.4 42.28 47
124 137 17.2 12.04 20 14 18.6 13.02 20
54 139 12.6 8.82 14 9.8 13.3 9.31 14
53 139 16.92 11.84 18 12.6 17.46 12.22 18
10 26 47 32.9 50 35 48.5 33.95 50
57 69 34.1 23.87 11 7.7 22.55 15.79 11
