0 1 26.88 18.82 32 22.4 29.44 20.61 32
1 2 13.16 9.21 14 9.8 13.58 9.51 14
1 3 15.47 10.83 17 11.9 16.23 11.36 17
3 4 45.92 32.14 56 39.2 50.96 35.67 56
8 9 18.6 13.02 20 14 19.3 13.51 20
10 11 28.8 20.16 32 22.4 30.4 21.28 32
11 15 24.94 17.46 29 20.3 26.97 18.88 29
12 15 11.05 7.74 13 9.1 12.03 8.42 13
12 13 6.3 4.41 7 4.9 6.65 4.66 7
14 16 21.58 15.11 26 18.2 23.79 16.65 26
14 17 82.84 57.99 38 26.6 60.42 42.29 38
17 18 33.62 23.53 41 28.7 37.31 26.12 41
18 19 26.56 18.59 32 22.4 29.28 20.5 32
18 20 30.78 21.55 38 26.6 34.39 24.07 38
20 21 15.98 11.19 17 11.9 16.49 11.54 17
21 74 19.92 13.94 24 16.8 21.96 15.37 24
22 30 36.4 25.48 40 28 38.2 26.74 40
30 31 53.36 37.35 58 40.6 55.68 38.98 58
31 32 27.9 19.53 30 21 28.95 20.26 30
31 33 39.13 27.39 43 30.1 41.07 28.75 43
31 34 76.54 53.58 86 60.2 81.27 56.89 86
34 40 13.95 9.76 15 10.5 14.48 10.14 15
42 43 70.98 49.69 78 54.6 74.49 52.14 78
43 44 11.04 7.73 12 8.4 11.52 8.06 12
43 45 10.66 7.46 13 9.1 11.83 8.28 13
45 46 29.37 20.56 33 23.1 31.19 21.83 33
46 47 8.6 6.02 10 7 9.3 6.51 10
46 48 8.19 5.73 9 6.3 8.6 6.02 9
48 49 6.88 4.82 8 5.6 7.44 5.21 8
48 50 9.1 6.37 10 7 9.55 6.69 10
49 51 1.72 1.2 2 1.4 1.86 1.3 2
51 53 3.36 2.35 4 2.8 3.68 2.58 4
54 55 5.22 3.65 6 4.2 5.61 3.93 6
41 56 12.04 8.43 14 9.8 13.02 9.11 14
56 57 64.74 45.32 78 54.6 71.37 49.96 78
57 58 22.5 15.75 25 17.5 23.75 16.62 25
10 58 70.98 49.69 78 54.6 74.49 52.14 78
57 59 29.7 20.79 33 23.1 31.35 21.95 33
59 60 34.32 24.02 39 27.3 36.66 25.66 39
59 61 19.09 13.36 23 16.1 21.05 14.73 23
61 62 65.7 45.99 30 21 47.85 33.49 30
62 64 19.32 13.52 21 14.7 20.16 14.11 21
61 65 36.32 25.42 16 11.2 26.16 18.31 16
65 67 77.4 54.18 45 31.5 61.2 42.84 45
57 68 28.8 20.16 32 22.4 30.4 21.28 32
58 68 9.46 6.62 11 7.7 10.23 7.16 11
3 68 63 44.1 75 52.5 69 48.3 75
22 74 15.3 10.71 17 11.9 16.15 11.3 17
19 75 6.64 4.65 8 5.6 7.32 5.12 8
20 50 4.96 3.47 2 1.4 3.48 2.44 2
43 58 25.2 17.64 28 19.6 26.6 18.62 28
4 5 6.72 4.7 8 5.6 7.36 5.15 0
4 6 4.92 3.44 6 4.2 5.46 3.82 0
6 7 33.48 23.44 18 12.6 25.74 18.02 0
7 8 22.62 15.83 26 18.2 24.31 17.02 0
9 10 23.04 16.13 12 8.4 17.52 12.26 0
13 14 6.16 4.31 7 4.9 6.58 4.61 0
12 76 9.96 6.97 12 8.4 10.98 7.69 0
17 19 19.11 13.38 21 14.7 20.05 14.04 0
21 23 3.68 2.58 4 2.8 3.84 2.69 0
23 24 22.95 16.06 27 18.9 24.98 17.49 0
24 74 13.28 9.3 16 11.2 14.64 10.25 0
24 25 81.94 57.36 17 11.9 49.47 34.63 0
22 25 10.8 7.56 12 8.4 11.4 7.98 0
25 26 12.3 8.61 15 10.5 13.65 9.55 0
25 27 16.38 11.47 18 12.6 17.19 12.03 0
27 28 35.84 25.09 16 11.2 25.92 18.14 0
24 28 23.76 16.63 27 18.9 25.38 17.77 0
29 30 23.52 16.46 14 9.8 18.76 13.13 0
32 35 24.3 17.01 27 18.9 25.65 17.95 0
32 36 62.25 43.57 75 52.5 68.62 48.03 0
36 37 7.04 4.93 8 5.6 7.52 5.26 0
36 38 17.43 12.2 21 14.7 19.21 13.45 0
38 39 4.05 2.83 5 3.5 4.53 3.17 0
34 38 6.44 4.51 7 4.9 6.72 4.7 0
39 40 8.1 5.67 9 6.3 8.55 5.99 0
40 41 14.4 10.08 18 12.6 16.2 11.34 0
41 42 9.57 6.7 11 7.7 10.29 7.2 0
44 45 11.16 7.81 12 8.4 11.58 8.11 0
10 47 71.1 49.77 79 55.3 75.05 52.53 0
50 52 3.6 2.52 4 2.8 3.8 2.66 0
51 52 3.8 2.66 4 2.8 3.9 2.73 0
23 52 21.84 15.29 24 16.8 22.92 16.04 0
18 49 27.9 19.53 30 21 28.95 20.26 0
41 55 56.42 39.49 26 18.2 41.21 28.85 0
62 63 7.2 5.04 9 6.3 8.1 5.67 0
69 70 47.6 33.32 56 39.2 51.8 36.26 0
70 71 5.1 3.57 6 4.2 5.55 3.88 0
70 72 4.25 2.97 5 3.5 4.62 3.23 0
71 72 4.15 2.91 5 3.5 4.58 3.21 0
72 73 23.75 16.62 25 17.5 24.38 17.07 0
17 71 85.56 59.89 92 64.4 88.78 62.15 0
55 66 31.32 21.92 36 25.2 33.66 23.56 0
11 75 15.89 11.12 7 4.9 11.45 8.01 0
14 76 10.66 7.46 13 9.1 11.83 8.28 0
75 76 28.7 20.09 35 24.5 31.85 22.29 0
59 66 23.49 16.44 29 20.3 26.25 18.38 0
61 66 51.15 35.8 31 21.7 41.07 28.75 0
