0 1 28.16 19.71 32 22.4 30.08 21.06 32
1 2 26.6 18.62 14 9.8 20.3 14.21 14
1 3 15.13 10.59 17 11.9 16.07 11.25 17
3 4 49.28 34.5 56 39.2 52.64 36.85 56
4 6 4.86 3.4 6 4.2 5.43 3.8 6
6 7 14.4 10.08 18 12.6 16.2 11.34 18
7 8 24.7 17.29 26 18.2 25.35 17.75 26
8 9 16.2 11.34 20 14 18.1 12.67 20
10 11 30.08 21.06 32 22.4 31.04 21.73 32
11 15 27.26 19.08 29 20.3 28.13 19.69 29
12 15 25.35 17.75 13 9.1 19.18 13.43 13
12 13 6.3 4.41 7 4.9 6.65 4.66 7
14 16 59.8 41.86 26 18.2 42.9 30.03 26
14 17 34.58 24.21 38 26.6 36.29 25.4 38
17 18 84.87 59.41 41 28.7 62.93 44.05 41
18 19 28.16 19.71 32 22.4 30.08 21.06 32
18 20 35.72 25 38 26.6 36.86 25.8 38
20 21 14.79 10.35 17 11.9 15.9 11.13 17
21 74 20.64 14.45 24 16.8 22.32 15.62 24
21 23 7.76 5.43 4 2.8 5.88 4.12 4
23 24 21.87 15.31 27 18.9 24.44 17.11 27
24 74 36.32 25.42 16 11.2 26.16 18.31 16
24 25 15.13 10.59 17 11.9 16.07 11.25 17
22 25 10.08 7.06 12 8.4 11.04 7.73 12
25 26 13.95 9.76 15 10.5 14.48 10.14 15
25 27 15.66 10.96 18 12.6 16.83 11.78 18
24 28 24.57 17.2 27 18.9 25.79 18.05 27
22 30 68.8 48.16 40 28 54.4 38.08 40
30 31 272.6 190.82 58 40.6 165.3 115.71 58
31 32 27.3 19.11 30 21 28.65 20.05 30
31 33 76.54 53.58 43 30.1 59.77 41.84 43
31 34 79.12 55.38 86 60.2 82.56 57.79 86
32 35 24.3 17.01 27 18.9 25.65 17.95 27
34 40 13.8 9.66 15 10.5 14.4 10.08 15
42 43 180.18 126.13 78 54.6 129.09 90.36 78
43 44 10.56 7.39 12 8.4 11.28 7.9 12
43 45 11.57 8.1 13 9.1 12.29 8.6 13
45 46 27.06 18.94 33 23.1 30.03 21.02 33
46 47 8.5 5.95 10 7 9.25 6.47 10
46 48 17.01 11.91 9 6.3 13 9.1 9
48 49 19.52 13.66 8 5.6 13.76 9.63 8
48 50 8.5 5.95 10 7 9.25 6.47 10
49 51 1.64 1.15 2 1.4 1.82 1.27 2
50 52 3.28 2.3 4 2.8 3.64 2.55 4
51 52 3.48 2.44 4 2.8 3.74 2.62 4
51 53 9.52 6.66 4 2.8 6.76 4.73 4
23 52 20.88 14.62 24 16.8 22.44 15.71 24
18 49 115.8 81.06 30 21 72.9 51.03 30
54 55 13.14 9.2 6 4.2 9.57 6.7 6
41 56 12.46 8.72 14 9.8 13.23 9.26 14
56 57 74.1 51.87 78 54.6 76.05 53.23 78
57 58 41.75 29.22 25 17.5 33.38 23.37 25
10 58 65.52 45.86 78 54.6 71.76 50.23 78
57 59 63.69 44.58 33 23.1 48.34 33.84 33
59 60 90.09 63.06 39 27.3 64.55 45.18 39
59 61 19.78 13.85 23 16.1 21.39 14.97 23
61 62 26.7 18.69 30 21 28.35 19.84 30
62 63 15.93 11.15 9 6.3 12.46 8.72 9
62 64 48.51 33.96 21 14.7 34.76 24.33 21
61 65 13.44 9.41 16 11.2 14.72 10.3 16
65 67 42.3 29.61 45 31.5 43.65 30.55 45
57 68 29.12 20.38 32 22.4 30.56 21.39 32
58 68 9.9 6.93 11 7.7 10.45 7.31 11
3 68 117.75 82.42 75 52.5 96.38 67.47 75
70 72 9.35 6.54 5 3.5 7.18 5.03 5
71 72 4.3 3.01 5 3.5 4.65 3.25 5
72 73 47.25 33.07 25 17.5 36.12 25.28 25
17 71 79.12 55.38 92 64.4 85.56 59.89 92
22 74 13.6 9.52 17 11.9 15.3 10.71 17
19 75 13.44 9.41 8 5.6 10.72 7.5 8
20 50 1.66 1.16 2 1.4 1.83 1.28 2
43 58 26.32 18.42 28 19.6 27.16 19.01 28
4 5 12.88 9.02 8 5.6 10.44 7.31 0
9 10 10.08 7.06 12 8.4 11.04 7.73 0
13 14 6.02 4.21 7 4.9 6.51 4.56 0
12 76 10.92 7.64 12 8.4 11.46 8.02 0
17 19 52.29 36.6 21 14.7 36.65 25.65 0
27 28 12.96 9.07 16 11.2 14.48 10.14 0
29 30 50.54 35.38 14 9.8 32.27 22.59 0
32 36 67.5 47.25 75 52.5 71.25 49.88 0
36 37 6.64 4.65 8 5.6 7.32 5.12 0
36 38 78.54 54.98 21 14.7 49.77 34.84 0
38 39 8.25 5.77 5 3.5 6.62 4.63 0
34 38 6.09 4.26 7 4.9 6.54 4.58 0
39 40 8.55 5.99 9 6.3 8.78 6.15 0
40 41 16.38 11.47 18 12.6 17.19 12.03 0
41 42 26.4 18.48 11 7.7 18.7 13.09 0
44 45 11.28 7.9 12 8.4 11.64 8.15 0
10 47 72.68 50.88 79 55.3 75.84 53.09 0
41 55 110.76 77.53 26 18.2 68.38 47.87 0
69 70 52.08 36.46 56 39.2 54.04 37.83 0
70 71 14.16 9.91 6 4.2 10.08 7.06 0
55 66 28.8 20.16 36 25.2 32.4 22.68 0
11 75 6.3 4.41 7 4.9 6.65 4.66 0
14 76 21.71 15.2 13 9.1 17.36 12.15 0
75 76 64.05 44.83 35 24.5 49.52 34.66 0
59 66 26.68 18.68 29 20.3 27.84 19.49 0
61 66 66.96 46.87 31 21.7 48.98 34.29 0
