0 1 28.8 20.16 32 22.4 30.4 21.28 32
1 2 13.02 9.11 14 9.8 13.51 9.46 14
1 3 13.94 9.76 17 11.9 15.47 10.83 17
3 4 52.64 36.85 56 39.2 54.32 38.02 56
4 6 4.92 3.44 6 4.2 5.46 3.82 6
6 7 14.58 10.21 18 12.6 16.29 11.4 18
7 8 23.92 16.74 26 18.2 24.96 17.47 26
8 9 18.8 13.16 20 14 19.4 13.58 20
10 11 30.08 21.06 32 22.4 31.04 21.73 32
11 15 61.48 43.04 29 20.3 45.24 31.67 29
12 15 10.66 7.46 13 9.1 11.83 8.28 13
12 13 6.16 4.31 7 4.9 6.58 4.61 7
14 16 24.18 16.93 26 18.2 25.09 17.56 26
14 17 62.7 43.89 38 26.6 50.35 35.24 38
17 18 35.26 24.68 41 28.7 38.13 26.69 41
18 19 56.96 39.87 32 22.4 44.48 31.14 32
18 20 74.86 52.4 38 26.6 56.43 39.5 38
20 21 37.23 26.06 17 11.9 27.11 18.98 17
21 74 19.68 13.78 24 16.8 21.84 15.29 24
21 23 3.48 2.44 4 2.8 3.74 2.62 4
23 24 23.49 16.44 27 18.9 25.25 17.67 27
24 74 13.12 9.18 16 11.2 14.56 10.19 16
24 25 15.64 10.95 17 11.9 16.32 11.42 17
22 25 10.92 7.64 12 8.4 11.46 8.02 12
25 26 12.6 8.82 15 10.5 13.8 9.66 15
25 27 16.92 11.84 18 12.6 17.46 12.22 18
24 28 46.98 32.89 27 18.9 36.99 25.89 27
22 30 35.2 24.64 40 28 37.6 26.32 40
30 31 52.78 36.95 58 40.6 55.39 38.77 58
31 32 25.2 17.64 30 21 27.6 19.32 30
31 33 37.41 26.19 43 30.1 40.21 28.15 43
31 34 70.52 49.36 86 60.2 78.26 54.78 86
32 35 22.68 15.88 27 18.9 24.84 17.39 27
34 40 12.3 8.61 15 10.5 13.65 9.55 15
42 43 319.8 223.86 78 54.6 198.9 139.23 78
43 44 23.88 16.72 12 8.4 17.94 12.56 12
43 45 10.66 7.46 13 9.1 11.83 8.28 13
45 46 28.05 19.63 33 23.1 30.53 21.37 33
46 47 43.9 30.73 10 7 26.95 18.86 10
46 48 21.42 14.99 9 6.3 15.21 10.65 9
48 49 6.48 4.54 8 5.6 7.24 5.07 8
48 50 8.8 6.16 10 7 9.4 6.58 10
49 51 1.82 1.27 2 1.4 1.91 1.34 2
50 52 8.32 5.82 4 2.8 6.16 4.31 4
51 52 7.56 5.29 4 2.8 5.78 4.05 4
51 53 3.44 2.41 4 2.8 3.72 2.6 4
23 52 21.84 15.29 24 16.8 22.92 16.04 24
18 49 70.5 49.35 30 21 50.25 35.17 30
54 55 4.98 3.49 6 4.2 5.49 3.84 6
41 56 21.98 15.39 14 9.8 17.99 12.59 14
56 57 69.42 48.59 78 54.6 73.71 51.6 78
57 58 21.25 14.87 25 17.5 23.12 16.18 25
10 58 68.64 48.05 78 54.6 73.32 51.32 78
57 59 29.04 20.33 33 23.1 31.02 21.71 33
59 60 34.32 24.02 39 27.3 36.66 25.66 39
59 61 47.84 33.49 23 16.1 35.42 24.79 23
61 62 26.4 18.48 30 21 28.2 19.74 30
62 63 8.37 5.86 9 6.3 8.69 6.08 9
62 64 19.11 13.38 21 14.7 20.05 14.04 21
61 65 14.56 10.19 16 11.2 15.28 10.7 16
65 67 38.25 26.77 45 31.5 41.62 29.13 45
57 68 56.32 39.42 32 22.4 44.16 30.91 32
58 68 9.9 6.93 11 7.7 10.45 7.31 11
3 68 62.25 43.57 75 52.5 68.62 48.03 75
70 72 4.35 3.04 5 3.5 4.68 3.28 5
71 72 4.2 2.94 5 3.5 4.6 3.22 5
72 73 22.5 15.75 25 17.5 23.75 16.62 25
17 71 84.64 59.25 92 64.4 88.32 61.82 92
22 74 35.36 24.75 17 11.9 26.18 18.33 17
19 75 6.8 4.76 8 5.6 7.4 5.18 8
20 50 1.62 1.13 2 1.4 1.81 1.27 2
43 58 23.8 16.66 28 19.6 25.9 18.13 28
4 5 7.28 5.1 8 5.6 7.64 5.35 0
9 10 10.68 7.48 12 8.4 11.34 7.94 0
13 14 15.47 10.83 7 4.9 11.23 7.86 0
12 76 10.68 7.48 12 8.4 11.34 7.94 0
17 19 19.32 13.52 21 14.7 20.16 14.11 0
27 28 14.88 10.42 16 11.2 15.44 10.81 0
29 30 11.76 8.23 14 9.8 12.88 9.02 0
32 36 61.5 43.05 75 52.5 68.25 47.77 0
36 37 7.52 5.26 8 5.6 7.76 5.43 0
36 38 45.15 31.6 21 14.7 33.07 23.15 0
38 39 7.55 5.28 5 3.5 6.27 4.39 0
34 38 5.74 4.02 7 4.9 6.37 4.46 0
39 40 8.19 5.73 9 6.3 8.6 6.02 0
40 41 16.74 11.72 18 12.6 17.37 12.16 0
41 42 10.01 7.01 11 7.7 10.51 7.36 0
44 45 11.04 7.73 12 8.4 11.52 8.06 0
10 47 63.99 44.79 79 55.3 71.5 50.05 0
41 55 22.88 16.02 26 18.2 24.44 17.11 0
69 70 103.6 72.52 56 39.2 79.8 55.86 0
70 71 13.2 9.24 6 4.2 9.6 6.72 0
55 66 30.6 21.42 36 25.2 33.3 23.31 0
11 75 6.44 4.51 7 4.9 6.72 4.7 0
14 76 12.09 8.46 13 9.1 12.55 8.79 0
75 76 29.05 20.34 35 24.5 32.02 22.41 0
59 66 24.94 17.46 29 20.3 26.97 18.88 0
61 66 25.11 17.58 31 21.7 28.05 19.63 0
