0 1 77.76 54.43 32 22.4 54.88 38.42 32
1 2 12.88 9.02 14 9.8 13.44 9.41 14
1 3 13.94 9.76 17 11.9 15.47 10.83 17
3 4 48.72 34.1 56 39.2 52.36 36.65 56
4 6 4.86 3.4 6 4.2 5.43 3.8 6
6 7 32.76 22.93 18 12.6 25.38 17.77 18
7 8 21.84 15.29 26 18.2 23.92 16.74 26
8 9 17.4 12.18 20 14 18.7 13.09 20
10 11 30.08 21.06 32 22.4 31.04 21.73 32
11 15 60.32 42.22 29 20.3 44.66 31.26 29
12 15 11.57 8.1 13 9.1 12.29 8.6 13
12 13 5.6 3.92 7 4.9 6.3 4.41 7
14 16 24.18 16.93 26 18.2 25.09 17.56 26
14 17 34.2 23.94 38 26.6 36.1 25.27 38
17 18 67.24 47.07 41 28.7 54.12 37.88 41
18 19 28.16 19.71 32 22.4 30.08 21.06 32
18 20 32.68 22.88 38 26.6 35.34 24.74 38
20 21 16.15 11.3 17 11.9 16.57 11.6 17
21 74 22.32 15.62 24 16.8 23.16 16.21 24
21 23 3.24 2.27 4 2.8 3.62 2.53 4
23 24 49.68 34.78 27 18.9 38.34 26.84 27
24 74 40 28 16 11.2 28 19.6 16
24 25 15.64 10.95 17 11.9 16.32 11.42 17
22 25 11.16 7.81 12 8.4 11.58 8.11 12
25 26 29.85 20.89 15 10.5 22.43 15.7 15
25 27 15.48 10.84 18 12.6 16.74 11.72 18
24 28 22.68 15.88 27 18.9 24.84 17.39 27
22 30 76 53.2 40 28 58 40.6 40
30 31 228.52 159.96 58 40.6 143.26 100.28 58
31 32 25.5 17.85 30 21 27.75 19.42 30
31 33 38.7 27.09 43 30.1 40.85 28.59 43
31 34 143.62 100.53 86 60.2 114.81 80.37 86
32 35 22.14 15.5 27 18.9 24.57 17.2 27
34 40 13.2 9.24 15 10.5 14.1 9.87 15
42 43 341.64 239.15 78 54.6 209.82 146.87 78
43 44 10.92 7.64 12 8.4 11.46 8.02 12
43 45 47.84 33.49 13 9.1 30.42 21.29 13
45 46 27.39 19.17 33 23.1 30.2 21.14 33
46 47 8.7 6.09 10 7 9.35 6.54 10
46 48 7.56 5.29 9 6.3 8.28 5.8 9
48 49 6.56 4.59 8 5.6 7.28 5.1 8
48 50 20.1 14.07 10 7 15.05 10.54 10
49 51 1.66 1.16 2 1.4 1.83 1.28 2
50 52 3.52 2.46 4 2.8 3.76 2.63 4
51 52 18.56 12.99 4 2.8 11.28 7.9 4
51 53 3.36 2.35 4 2.8 3.68 2.58 4
23 52 19.44 13.61 24 16.8 21.72 15.2 24
18 49 27.3 19.11 30 21 28.65 20.05 30
54 55 11.94 8.36 6 4.2 8.97 6.28 6
41 56 30.66 21.46 14 9.8 22.33 15.63 14
56 57 70.2 49.14 78 54.6 74.1 51.87 78
57 58 20 14 25 17.5 22.5 15.75 25
10 58 63.18 44.23 78 54.6 70.59 49.41 78
57 59 29.37 20.56 33 23.1 31.19 21.83 33
59 60 35.1 24.57 39 27.3 37.05 25.93 39
59 61 18.63 13.04 23 16.1 20.82 14.57 23
61 62 24 16.8 30 21 27 18.9 30
62 63 8.19 5.73 9 6.3 8.6 6.02 9
62 64 42.63 29.84 21 14.7 31.81 22.27 21
61 65 15.04 10.53 16 11.2 15.52 10.86 16
65 67 39.15 27.4 45 31.5 42.08 29.46 45
57 68 61.44 43.01 32 22.4 46.72 32.7 32
58 68 9.9 6.93 11 7.7 10.45 7.31 11
3 68 62.25 43.57 75 52.5 68.62 48.03 75
70 72 9.25 6.47 5 3.5 7.12 4.98 5
71 72 4.45 3.11 5 3.5 4.73 3.31 5
72 73 21.5 15.05 25 17.5 23.25 16.27 25
17 71 83.72 58.6 92 64.4 87.86 61.5 92
22 74 36.72 25.7 17 11.9 26.86 18.8 17
19 75 17.2 12.04 8 5.6 12.6 8.82 8
20 50 3.36 2.35 2 1.4 2.68 1.88 2
43 58 44.52 31.16 28 19.6 36.26 25.38 28
4 5 6.96 4.87 8 5.6 7.48 5.24 0
9 10 21.6 15.12 12 8.4 16.8 11.76 0
13 14 6.51 4.56 7 4.9 6.76 4.73 0
12 76 10.32 7.22 12 8.4 11.16 7.81 0
17 19 17.43 12.2 21 14.7 19.21 13.45 0
27 28 70.88 49.62 16 11.2 43.44 30.41 0
29 30 22.54 15.78 14 9.8 18.27 12.79 0
32 36 66.75 46.72 75 52.5 70.88 49.62 0
36 37 6.56 4.59 8 5.6 7.28 5.1 0
36 38 18.69 13.08 21 14.7 19.85 13.89 0
38 39 4.5 3.15 5 3.5 4.75 3.32 0
34 38 5.88 4.12 7 4.9 6.44 4.51 0
39 40 15.93 11.15 9 6.3 12.46 8.72 0
40 41 15.66 10.96 18 12.6 16.83 11.78 0
41 42 23.54 16.48 11 7.7 17.27 12.09 0
44 45 11.16 7.81 12 8.4 11.58 8.11 0
10 47 74.26 51.98 79 55.3 76.63 53.64 0
41 55 57.72 40.4 26 18.2 41.86 29.3 0
69 70 46.48 32.54 56 39.2 51.24 35.87 0
70 71 14.46 10.12 6 4.2 10.23 7.16 0
55 66 161.28 112.9 36 25.2 98.64 69.05 0
11 75 5.81 4.07 7 4.9 6.41 4.49 0
14 76 27.82 19.47 13 9.1 20.41 14.29 0
75 76 81.55 57.08 35 24.5 58.27 40.79 0
59 66 24.36 17.05 29 20.3 26.68 18.68 0
61 66 25.73 18.01 31 21.7 28.37 19.86 0
