0 1 29.76 20.83 32 22.4 30.88 21.62 32
1 2 24.64 17.25 14 9.8 19.32 13.52 14
1 3 13.94 9.76 17 11.9 15.47 10.83 17
3 4 47.6 33.32 56 39.2 51.8 36.26 56
4 5 17.2 12.04 8 5.6 12.6 8.82 8
4 6 26.04 18.23 6 4.2 16.02 11.21 6
6 7 16.02 11.21 18 12.6 17.01 11.91 18
7 8 54.34 38.04 26 18.2 40.17 28.12 26
8 9 48.4 33.88 20 14 34.2 23.94 20
10 11 26.56 18.59 32 22.4 29.28 20.5 32
11 15 24.36 17.05 29 20.3 26.68 18.68 29
12 15 10.53 7.37 13 9.1 11.77 8.24 13
12 13 17.15 12 7 4.9 12.08 8.46 7
12 76 18.96 13.27 12 8.4 15.48 10.84 12
14 16 20.8 14.56 26 18.2 23.4 16.38 26
14 17 34.2 23.94 38 26.6 36.1 25.27 38
17 18 35.67 24.97 41 28.7 38.34 26.84 41
18 19 75.52 52.86 32 22.4 53.76 37.63 32
17 19 38.43 26.9 21 14.7 29.71 20.8 21
18 20 31.54 22.08 38 26.6 34.77 24.34 38
20 21 15.13 10.59 17 11.9 16.07 11.25 17
21 74 19.44 13.61 24 16.8 21.72 15.2 24
21 23 16.96 11.87 4 2.8 10.48 7.34 4
23 24 23.49 16.44 27 18.9 25.25 17.67 27
24 74 14.72 10.3 16 11.2 15.36 10.75 16
24 25 13.77 9.64 17 11.9 15.38 10.77 17
22 25 9.96 6.97 12 8.4 10.98 7.69 12
25 26 12.75 8.92 15 10.5 13.88 9.72 15
25 27 71.82 50.27 18 12.6 44.91 31.44 18
27 28 53.92 37.74 16 11.2 34.96 24.47 16
24 28 22.41 15.69 27 18.9 24.71 17.3 27
29 30 11.48 8.04 14 9.8 12.74 8.92 14
22 30 34.8 24.36 40 28 37.4 26.18 40
30 31 50.46 35.32 58 40.6 54.23 37.96 58
31 32 27.9 19.53 30 21 28.95 20.26 30
31 33 35.26 24.68 43 30.1 39.13 27.39 43
31 34 74.82 52.37 86 60.2 80.41 56.29 86
32 35 25.38 17.77 27 18.9 26.19 18.33 27
32 36 62.25 43.57 75 52.5 68.62 48.03 75
36 37 6.72 4.7 8 5.6 7.36 5.15 8
36 38 39.48 27.64 21 14.7 30.24 21.17 21
38 39 24 16.8 5 3.5 14.5 10.15 5
34 38 5.74 4.02 7 4.9 6.37 4.46 7
34 40 31.05 21.73 15 10.5 23.02 16.11 15
42 43 66.3 46.41 78 54.6 72.15 50.51 78
43 44 10.08 7.06 12 8.4 11.04 7.73 12
44 45 10.56 7.39 12 8.4 11.28 7.9 12
43 45 11.96 8.37 13 9.1 12.48 8.74 13
45 46 31.02 21.71 33 23.1 32.01 22.41 33
46 47 8.7 6.09 10 7 9.35 6.54 10
46 48 8.37 5.86 9 6.3 8.69 6.08 9
48 49 6.88 4.82 8 5.6 7.44 5.21 8
48 50 8.2 5.74 10 7 9.1 6.37 10
49 51 1.64 1.15 2 1.4 1.82 1.27 2
50 52 3.6 2.52 4 2.8 3.8 2.66 4
51 52 3.64 2.55 4 2.8 3.82 2.67 4
51 53 12.4 8.68 4 2.8 8.2 5.74 4
23 52 21.12 14.78 24 16.8 22.56 15.79 24
18 49 24.9 17.43 30 21 27.45 19.21 30
54 55 5.34 3.74 6 4.2 5.67 3.97 6
41 56 13.02 9.11 14 9.8 13.51 9.46 14
56 57 177.06 123.94 78 54.6 127.53 89.27 78
57 58 49.75 34.82 25 17.5 37.38 26.17 25
10 58 184.08 128.86 78 54.6 131.04 91.73 78
57 59 27.72 19.4 33 23.1 30.36 21.25 33
59 60 134.94 94.46 39 27.3 86.97 60.88 39
59 61 18.86 13.2 23 16.1 20.93 14.65 23
61 62 27.3 19.11 30 21 28.65 20.05 30
62 63 14.67 10.27 9 6.3 11.83 8.28 9
62 64 46.62 32.63 21 14.7 33.81 23.67 21
61 65 14.08 9.86 16 11.2 15.04 10.53 16
65 67 73.35 51.34 45 31.5 59.17 41.42 45
57 68 29.76 20.83 32 22.4 30.88 21.62 32
58 68 10.23 7.16 11 7.7 10.62 7.43 11
3 68 63.75 44.62 75 52.5 69.38 48.57 75
69 70 45.36 31.75 56 39.2 50.68 35.48 56
70 71 5.28 3.7 6 4.2 5.64 3.95 6
70 72 4.1 2.87 5 3.5 4.55 3.18 5
71 72 4.45 3.11 5 3.5 4.73 3.31 5
72 73 53 37.1 25 17.5 39 27.3 25
17 71 81.88 57.32 92 64.4 86.94 60.86 92
22 74 39.78 27.85 17 11.9 28.39 19.87 17
19 75 7.36 5.15 8 5.6 7.68 5.38 8
14 76 27.3 19.11 13 9.1 20.15 14.1 13
75 76 32.9 23.03 35 24.5 33.95 23.77 35
20 50 1.66 1.16 2 1.4 1.83 1.28 2
43 58 68.04 47.63 28 19.6 48.02 33.61 28
9 10 10.2 7.14 12 8.4 11.1 7.77 0
13 14 6.37 4.46 7 4.9 6.69 4.68 0
39 40 7.83 5.48 9 6.3 8.42 5.89 0
40 41 15.48 10.84 18 12.6 16.74 11.72 0
41 42 9.02 6.31 11 7.7 10.01 7.01 0
10 47 69.52 48.66 79 55.3 74.26 51.98 0
41 55 57.46 40.22 26 18.2 41.73 29.21 0
55 66 29.88 20.92 36 25.2 32.94 23.06 0
11 75 6.44 4.51 7 4.9 6.72 4.7 0
59 66 26.97 18.88 29 20.3 27.99 19.59 0
61 66 26.97 18.88 31 21.7 28.99 20.29 0
