0 1 0.81 0.41 1 0.5 2
0 2 2.05 1.02 1 0.5 3
0 3 4.3 2.15 1 0.5 4
0 4 0.89 0.45 1 0.5 5
0 5 0.83 0.41 1 0.5 6
0 6 0.83 0.41 1 0.5 7
0 7 0.85 0.42 1 0.5 8
1 2 1.72 0.86 2 1 3
1 3 1.6 0.8 2 1 4
1 4 6.08 3.04 2 1 5
1 5 1.9 0.95 2 1 6
1 6 1.68 0.84 2 1 7
1 7 1.76 0.88 2 1 8
2 3 2.79 1.4 3 1.5 4
2 4 6.24 3.12 3 1.5 5
2 5 7.41 3.71 3 1.5 6
2 6 2.82 1.41 3 1.5 7
2 7 11.19 5.59 3 1.5 8
3 4 3.48 1.74 4 2 5
3 5 3.24 1.62 4 2 6
3 6 6.4 3.2 4 2 7
3 7 3.24 1.62 4 2 8
4 5 4.4 2.2 5 2.5 6
4 6 4.4 2.2 5 2.5 7
4 7 4.45 2.23 5 2.5 8
5 6 5.1 2.55 6 3 7
5 7 5.28 2.64 6 3 8
6 7 5.88 2.94 7 3.5 8
