0 1 5.4 2.7 3 1.5 2
0 2 10 5 5 2.5 7
0 3 20.4 10.2 6 3 1
0 4 12.78 6.39 6 3 3
0 5 3.36 1.68 4 2 1
0 6 8.36 4.18 4 2 1
0 7 10.55 5.28 5 2.5 5
0 8 7.52 3.76 8 4 8
1 2 4.98 2.49 6 3 4
1 3 2.39 1.2 1 0.5 4
1 4 2.49 1.25 3 1.5 3
1 5 11.48 5.74 7 3.5 5
1 6 3.24 1.62 4 2 6
1 7 11.85 5.92 5 2.5 1
1 8 8.2 4.1 4 2 2
2 3 4.7 2.35 5 2.5 8
2 4 5.88 2.94 7 3.5 6
2 5 6.16 3.08 7 3.5 6
2 6 14.77 7.38 7 3.5 4
2 7 6.58 3.29 7 3.5 2
2 8 2.82 1.41 3 1.5 7
3 4 4.4 2.2 5 2.5 2
3 5 2.61 1.3 3 1.5 3
3 6 0.87 0.43 1 0.5 5
3 7 0.94 0.47 1 0.5 7
3 8 2.82 1.41 3 1.5 5
4 5 24.78 12.39 7 3.5 1
4 6 3.28 1.64 4 2 1
4 7 6.37 3.19 7 3.5 7
4 8 12.8 6.4 8 4 8
5 6 5.52 2.76 6 3 8
5 7 2.04 1.02 1 0.5 4
5 8 0.85 0.42 1 0.5 6
6 7 0.95 0.47 1 0.5 5
6 8 1.82 0.91 2 1 2
7 8 0.88 0.44 1 0.5 3
