0 7 8.46 4.23 9 4.5 1
0 8 8.16 4.08 4 2 2
0 9 11.83 5.92 13 6.5 1
0 10 9.84 4.92 12 6 2
1 0 10.45 5.22 11 5.5 1
1 2 13.8 6.9 15 7.5 1
1 3 15.48 7.74 18 9 2
1 4 6.64 3.32 8 4 2
2 3 16.08 8.04 8 4 2
2 7 15.48 7.74 18 9 2
2 8 5.16 2.58 6 3 1
3 0 13.3 6.65 7 3.5 1
3 5 8.8 4.4 10 5 2
3 10 13.77 6.88 17 8.5 1
4 0 7.83 3.92 9 4.5 2
4 5 61.95 30.98 15 7.5 1
5 10 6.69 3.35 3 1.5 2
6 1 4.98 2.49 6 3 1
6 3 10.45 5.22 11 5.5 2
6 4 4.75 2.38 5 2.5 1
7 8 12.32 6.16 14 7 2
7 11 9.15 4.58 5 2.5 1
8 9 18.05 9.03 19 9.5 1
9 11 1.68 0.84 2 1 2
10 11 6.02 3.01 7 3.5 1
