0 1 7.92 3.96 4 2 8
0 2 4.74 2.37 1 0.5 1
0 3 2.49 1.25 3 1.5 3
0 4 5.4 2.7 6 3 2
0 5 5.1 2.55 6 3 7
0 6 1.78 0.89 2 1 2
0 7 0.94 0.47 1 0.5 3
1 2 2.58 1.29 3 1.5 8
1 3 5.22 2.61 6 3 1
1 4 3.6 1.8 4 2 1
1 5 1.88 0.94 2 1 1
1 6 5.28 2.64 6 3 2
1 7 14.12 7.06 4 2 5
2 3 6.23 3.12 7 3.5 7
2 4 2.73 1.36 3 1.5 3
2 5 3.52 1.76 4 2 6
2 6 12.8 6.4 8 4 8
2 7 3.98 1.99 2 1 1
3 4 5.1 2.55 6 3 1
3 5 1.64 0.82 2 1 2
3 6 3.64 1.82 4 2 1
3 7 0.93 0.47 1 0.5 4
4 5 21.06 10.53 6 3 7
4 6 3.32 1.66 2 1 3
4 7 7.2 3.6 8 4 8
5 6 14.56 7.28 8 4 6
5 7 4.95 2.48 3 1.5 8
6 7 5.81 2.9 7 3.5 7
