0 1 4.15 2.08 5 2.5 7
0 2 21.49 10.74 7 3.5 12
0 3 17.7 8.85 10 5 15
0 4 17.86 8.93 19 9.5 1
1 2 14.88 7.44 16 8 13
1 5 6.4 3.2 8 4 8
1 6 8.37 4.18 9 4.5 16
1 7 12.32 6.16 14 7 7
2 5 10.23 5.12 11 5.5 3
3 4 10.01 5 11 5.5 15
3 9 56.16 28.08 26 13 8
3 10 25.5 12.75 30 15 16
4 9 4.83 2.42 3 1.5 11
5 9 10.92 5.46 13 6.5 14
5 11 36.72 18.36 17 8.5 4
6 8 26.4 13.2 30 15 3
7 8 17.1 8.55 18 9 1
7 11 18.06 9.03 21 10.5 5
8 12 15.36 7.68 8 4 9
9 10 12.6 6.3 15 7.5 14
10 11 16.91 8.46 19 9.5 15
10 12 10.68 5.34 12 6 1
11 12 29.4 14.7 14 7 14
