0 4 5.88 2.94 7 3.5 12
0 5 14.76 7.38 18 9 2
0 6 3.28 1.64 4 2 13
0 7 19.44 9.72 24 12 12
0 8 10.01 5 11 5.5 16
1 0 36 18 15 7.5 13
1 2 4.45 2.23 5 2.5 11
1 4 10.56 5.28 12 6 7
1 7 44.33 22.16 13 6.5 13
2 0 31.36 15.68 8 4 16
2 5 0.95 0.47 1 0.5 7
2 6 8.6 4.3 10 5 5
2 7 99.36 49.68 24 12 3
3 0 4.92 2.46 6 3 13
3 1 2.43 1.22 3 1.5 4
3 2 23.52 11.76 28 14 7
3 4 1.64 0.82 2 1 15
4 5 17.2 8.6 20 10 9
4 6 34.02 17.01 42 21 5
4 8 11.04 5.52 12 6 5
5 6 7.56 3.78 9 4.5 8
5 8 21.32 10.66 13 6.5 3
6 7 38.88 19.44 16 8 9
6 8 118.8 59.4 60 30 3
6 9 10.1 5.05 5 2.5 14
7 8 47.08 23.54 22 11 7
7 9 206.91 103.45 99 49.5 8
8 9 17.8 8.9 20 10 5
