0 7 7.47 3.73 9 4.5 4
0 8 7.56 3.78 4 2 6
0 9 10.92 5.46 13 6.5 1
0 10 26.88 13.44 12 6 3
1 0 8.91 4.46 11 5.5 9
1 2 12.45 6.22 15 7.5 1
1 3 15.84 7.92 18 9 5
1 4 6.96 3.48 8 4 4
1 21 1.68 0.84 2 1 6
2 3 6.96 3.48 8 4 1
2 7 17.1 8.55 18 9 6
2 8 4.8 2.4 6 3 5
2 20 1.7 0.85 2 1 1
3 0 5.88 2.94 7 3.5 7
3 5 9.4 4.7 10 5 5
3 10 13.77 6.88 17 8.5 4
4 0 22.32 11.16 9 4.5 9
4 5 13.2 6.6 15 7.5 4
4 13 1.76 0.88 2 1 3
5 10 2.73 1.36 3 1.5 5
5 14 1.68 0.84 2 1 2
6 1 4.92 2.46 6 3 8
6 3 10.45 5.22 11 5.5 5
6 4 4.25 2.12 5 2.5 3
6 12 1.66 0.83 2 1 1
7 8 12.6 6.3 14 7 9
7 11 4.2 2.1 5 2.5 2
7 19 1.76 0.88 2 1 8
8 9 16.72 8.36 19 9.5 3
8 18 1.62 0.81 2 1 7
9 11 4.06 2.03 2 1 7
9 17 7.12 3.56 2 1 8
10 11 12.95 6.47 7 3.5 6
10 15 1.8 0.9 2 1 2
11 16 1.76 0.88 2 1 9
12 13 4.4 2.2 5 2.5 7
12 21 11.16 5.58 6 3 2
13 14 13.35 6.67 15 7.5 9
14 15 2.67 1.33 3 1.5 3
15 16 6.44 3.22 7 3.5 6
16 17 4.42 2.21 2 1 8
17 18 17.48 8.74 19 9.5 3
18 19 5.64 2.82 6 3 2
19 20 5.04 2.52 6 3 8
20 21 13.8 6.9 15 7.5 7
