0 1 0.84 0.42 1 0.5 6
0 2 5.95 2.98 7 3.5 3
0 4 6.72 3.36 8 4 2
0 5 5.4 2.7 6 3 4
0 6 2.49 1.25 3 1.5 3
0 7 1.78 0.89 2 1 5
0 8 3.48 1.74 4 2 6
0 9 1.8 0.9 2 1 4
0 10 0.92 0.46 1 0.5 8
1 2 0.9 0.45 1 0.5 7
1 3 1.88 0.94 2 1 8
1 4 3.28 1.64 4 2 5
1 5 9.84 4.92 4 2 3
1 7 0.82 0.41 1 0.5 7
1 8 5.34 2.67 6 3 1
2 4 5.1 2.55 6 3 9
2 5 19.08 9.54 9 4.5 2
2 9 2.58 1.29 3 1.5 1
2 10 5.4 2.7 6 3 7
3 6 7.28 3.64 8 4 1
3 7 17.01 8.51 9 4.5 9
3 8 14.32 7.16 8 4 6
4 6 3.64 1.82 4 2 4
5 6 14.88 7.44 8 4 6
5 8 9.36 4.68 4 2 4
5 9 10.57 5.29 7 3.5 7
5 10 2.4 1.2 3 1.5 1
6 7 4.92 2.46 3 1.5 5
6 8 4.8 2.4 6 3 1
6 9 2.46 1.23 3 1.5 7
6 10 1.74 0.87 2 1 1
7 9 0.86 0.43 1 0.5 2
8 9 6.44 3.22 7 3.5 9
