0 1 0.9 0.45 1 0.5 7
0 2 6.23 3.12 7 3.5 1
0 3 0.94 0.47 1 0.5 4
0 4 2.7 1.35 3 1.5 9
0 5 2.7 1.35 3 1.5 7
0 6 6.84 3.42 2 1 8
0 7 0.87 0.43 1 0.5 4
0 8 1.72 0.86 2 1 1
0 9 4.6 2.3 2 1 5
0 10 0.82 0.41 1 0.5 8
1 2 4.25 2.12 5 2.5 7
1 3 3.52 1.76 1 0.5 6
1 4 6.8 3.4 8 4 6
1 5 0.85 0.42 1 0.5 5
1 6 12.12 6.06 3 1.5 4
1 7 5.88 2.94 7 3.5 9
1 8 6.64 3.32 8 4 9
1 9 5.81 2.9 7 3.5 7
1 10 4.94 2.47 2 1 8
2 3 6.51 3.25 7 3.5 6
2 4 1.85 0.93 1 0.5 2
2 5 3.56 1.78 4 2 1
2 6 3.67 1.83 1 0.5 4
2 7 23.55 11.78 5 2.5 5
2 8 3.36 1.68 4 2 7
2 9 1.72 0.86 2 1 6
2 10 4.32 2.16 2 1 1
3 4 1.82 0.91 2 1 1
3 5 0.83 0.41 1 0.5 1
3 6 4.05 2.02 5 2.5 6
3 7 6.09 3.04 7 3.5 5
3 8 5.34 2.67 6 3 1
3 9 1.9 0.95 2 1 8
3 10 3.48 1.74 4 2 9
4 5 6.8 3.4 8 4 4
4 6 4.05 2.02 5 2.5 1
4 7 9.48 4.74 4 2 3
4 8 6.88 3.44 8 4 5
4 9 11.64 5.82 6 3 3
4 10 5.95 2.98 7 3.5 1
5 6 24.85 12.43 5 2.5 7
5 7 2.85 1.43 3 1.5 8
5 8 5.34 2.67 6 3 3
5 9 5.22 2.61 6 3 2
5 10 3.28 1.64 4 2 2
6 7 1.8 0.9 2 1 2
6 8 1.79 0.9 1 0.5 8
6 9 5.1 2.55 6 3 1
6 10 8.96 4.48 4 2 3
7 8 3.32 1.66 4 2 8
7 9 4.05 2.02 5 2.5 8
7 10 14.52 7.26 6 3 4
8 9 3.6 1.8 4 2 5
8 10 5.95 2.98 7 3.5 6
9 10 3.36 1.68 4 2 4
