0 1 10.92 5.46 13 6.5 1
0 3 14.96 7.48 17 8.5 1
0 6 35.72 17.86 19 9.5 1
0 8 9.68 4.84 11 5.5 1
0 9 39.52 19.76 19 9.5 1
0 11 6.24 3.12 4 2 1
1 2 16.92 8.46 18 9 1
1 3 8.01 4 9 4.5 1
1 8 1.64 0.82 2 1 1
2 3 17.6 8.8 20 10 1
2 4 4.35 2.17 5 2.5 1
3 11 4.6 2.3 5 2.5 1
4 5 6.51 3.25 7 3.5 1
4 10 17 8.5 20 10 1
4 11 23.98 11.99 11 5.5 1
5 6 3.32 1.66 4 2 1
5 7 11.76 5.88 14 7 1
5 11 13.35 6.67 3 1.5 1
6 7 6.48 3.24 8 4 1
6 9 8.55 4.28 9 4.5 1
6 11 14.4 7.2 18 9 1
7 9 2.82 1.41 3 1.5 1
7 10 9 4.5 10 5 1
8 9 14.88 7.44 16 8 1
8 10 30.24 15.12 14 7 1
9 10 10.92 5.46 12 6 1
