0 1 5.7 2.85 6 3 5
0 2 2.48 1.24 1 0.5 4
0 3 3.34 1.67 2 1 4
0 4 0.82 0.41 1 0.5 1
0 5 4.92 2.46 1 0.5 6
0 6 1.94 0.97 1 0.5 3
0 7 2.22 1.11 1 0.5 6
0 8 1.86 0.93 2 1 1
0 9 2.7 1.35 3 1.5 9
0 10 2.82 1.41 3 1.5 5
1 2 4.65 2.33 5 2.5 3
1 3 1.54 0.77 1 0.5 7
1 4 14.08 7.04 8 4 9
1 6 0.93 0.47 1 0.5 1
1 7 1.64 0.82 1 0.5 2
1 8 7.28 3.64 8 4 4
1 10 11.8 5.9 5 2.5 1
2 3 5.7 2.85 6 3 1
2 4 4.95 2.48 3 1.5 3
2 6 0.85 0.42 1 0.5 4
2 8 7.47 3.73 9 4.5 8
2 9 0.94 0.47 1 0.5 6
2 10 7.2 3.6 8 4 9
3 4 5.74 2.87 7 3.5 7
3 5 5.04 2.52 6 3 9
3 6 6.37 3.19 7 3.5 7
3 7 11.48 5.74 7 3.5 5
3 8 1.98 0.99 1 0.5 4
3 9 7.44 3.72 8 4 2
3 10 6.48 3.24 3 1.5 8
4 6 5.16 2.58 6 3 8
4 7 0.9 0.45 1 0.5 2
4 9 5.1 2.55 6 3 7
4 10 40 20 8 4 8
5 6 19.95 9.97 5 2.5 3
5 7 7.2 3.6 8 4 6
5 8 4.45 2.23 5 2.5 1
5 9 11.94 5.97 6 3 1
6 8 5.28 2.64 6 3 4
6 9 1.76 0.88 2 1 2
6 10 0.82 0.41 1 0.5 5
7 8 7.74 3.87 9 4.5 3
8 9 6.3 3.15 7 3.5 8
8 10 3.32 1.66 4 2 3
