0 1 43.94 21.97 13 6.5 1
0 3 15.81 7.91 17 8.5 1
0 6 30.97 15.48 19 9.5 1
0 9 16.91 8.46 19 9.5 1
0 11 3.48 1.74 4 2 1
1 2 33.48 16.74 18 9 1
1 3 7.38 3.69 9 4.5 1
1 8 1.86 0.93 2 1 1
2 3 16.4 8.2 20 10 1
2 4 4.4 2.2 5 2.5 1
2 12 20.9 10.45 22 11 1
3 12 5.52 2.76 6 3 1
4 5 6.37 3.19 7 3.5 1
4 10 47.6 23.8 20 10 1
4 11 18.59 9.29 11 5.5 1
4 12 14.45 7.22 17 8.5 1
5 6 3.2 1.6 4 2 1
5 11 6.99 3.5 3 1.5 1
6 7 7.36 3.68 8 4 1
6 11 16.74 8.37 18 9 1
7 9 2.82 1.41 3 1.5 1
7 10 22.3 11.15 10 5 1
8 9 13.92 6.96 16 8 1
8 10 11.62 5.81 14 7 1
9 10 11.28 5.64 12 6 1
11 12 16.91 8.46 19 9.5 1
