0 2 6.02 3.01 7 3.5 8
0 14 12.32 6.16 8 4 5
0 16 4.2 2.1 5 2.5 8
0 18 0.82 0.41 1 0.5 7
0 23 11.64 5.82 6 3 1
0 26 5.81 2.9 7 3.5 4
1 0 2.64 1.32 3 1.5 2
1 11 2.33 1.17 1 0.5 9
2 3 5.88 2.94 7 3.5 4
2 5 6.64 3.32 4 2 3
2 7 13.02 6.51 6 3 8
3 4 1.78 0.89 2 1 9
3 5 5.67 2.83 7 3.5 9
3 9 0.92 0.46 1 0.5 4
4 5 9.54 4.77 2 1 9
4 8 6.3 3.15 3 1.5 3
5 6 2.73 1.36 3 1.5 1
5 7 4.86 2.43 6 3 4
5 8 5.58 2.79 6 3 9
5 9 1.78 0.89 2 1 8
6 10 10.02 5.01 6 3 7
7 8 13.8 6.9 6 3 5
9 10 4.6 2.3 5 2.5 5
11 12 3.6 1.8 4 2 2
12 13 3.76 1.88 4 2 1
12 14 3.4 1.7 4 2 7
13 15 21.06 10.53 9 4.5 3
13 17 1.74 0.87 2 1 9
13 19 10.45 5.22 5 2.5 5
13 20 16.75 8.38 5 2.5 5
14 16 2.49 1.25 3 1.5 7
14 19 6.48 3.24 8 4 2
15 16 17.73 8.87 9 4.5 1
17 20 1.74 0.87 2 1 9
17 24 2.67 1.33 3 1.5 7
19 20 4.01 2 1 0.5 8
20 21 7.12 3.56 8 4 2
20 22 6.37 3.19 7 3.5 6
20 24 19.76 9.88 8 4 4
21 22 0.91 0.46 1 0.5 6
21 24 4.92 2.46 3 1.5 4
22 23 4.75 2.38 5 2.5 9
22 25 6.18 3.09 3 1.5 2
23 26 9.95 4.97 5 2.5 9
24 25 3.44 1.72 4 2 1
25 26 2.67 1.33 3 1.5 8
