0 2 14.28 7.14 7 3.5 8
0 14 6.56 3.28 8 4 5
0 16 4.05 2.02 5 2.5 8
0 18 0.88 0.44 1 0.5 7
0 23 5.46 2.73 6 3 1
0 26 6.37 3.19 7 3.5 4
1 0 2.52 1.26 3 1.5 2
1 11 0.93 0.47 1 0.5 9
2 3 6.44 3.22 7 3.5 4
2 5 12.6 6.3 4 2 3
2 7 12.66 6.33 6 3 8
3 4 1.8 0.9 2 1 9
3 5 6.58 3.29 7 3.5 9
3 9 0.82 0.41 1 0.5 4
3 11 1.54 0.77 1 0.5 2
3 18 2.67 1.33 3 1.5 1
4 5 1.88 0.94 2 1 9
4 8 2.73 1.36 3 1.5 3
5 6 2.58 1.29 3 1.5 1
5 7 5.46 2.73 6 3 4
5 8 5.52 2.76 6 3 9
5 9 4.54 2.27 2 1 8
6 10 13.5 6.75 6 3 7
7 8 5.46 2.73 6 3 5
7 23 1.62 0.81 2 1 3
7 26 0.9 0.45 1 0.5 2
9 10 11.95 5.97 5 2.5 5
11 12 3.32 1.66 4 2 2
11 18 1.68 0.84 2 1 1
12 13 3.2 1.6 4 2 1
12 14 3.36 1.68 4 2 7
13 15 39.69 19.84 9 4.5 3
13 17 3.38 1.69 2 1 9
13 19 4.2 2.1 5 2.5 5
13 20 8.8 4.4 5 2.5 5
14 16 2.73 1.36 3 1.5 7
14 19 7.04 3.52 8 4 2
15 16 20.07 10.04 9 4.5 1
17 20 1.82 0.91 2 1 9
17 24 2.61 1.3 3 1.5 7
19 20 0.91 0.46 1 0.5 8
20 21 6.96 3.48 8 4 2
20 22 6.02 3.01 7 3.5 6
20 24 25.44 12.72 8 4 4
21 22 2.43 1.22 1 0.5 6
21 24 7.5 3.75 3 1.5 4
22 23 4.3 2.15 5 2.5 9
22 25 7.17 3.58 3 1.5 2
23 26 4 2 5 2.5 9
24 25 3.64 1.82 4 2 1
25 26 2.67 1.33 3 1.5 8
