0 1 9.92 6.94 4 2.8 8
0 2 7.62 5.33 1 0.7 1
0 3 2.49 1.74 3 2.1 3
0 4 5.4 3.78 6 4.2 2
0 5 5.1 3.57 6 4.2 7
0 6 1.78 1.25 2 1.4 2
0 7 0.94 0.66 1 0.7 3
1 2 2.58 1.81 3 2.1 8
1 3 5.22 3.65 6 4.2 1
1 4 3.6 2.52 4 2.8 1
1 5 1.88 1.32 2 1.4 1
1 6 5.28 3.7 6 4.2 2
1 7 23.16 16.21 4 2.8 5
2 3 6.23 4.36 7 4.9 7
2 4 2.73 1.91 3 2.1 3
2 5 3.52 2.46 4 2.8 6
2 6 16.8 11.76 8 5.6 8
2 7 4.98 3.49 2 1.4 1
3 4 5.1 3.57 6 4.2 1
3 5 1.64 1.15 2 1.4 2
3 6 3.64 2.55 4 2.8 1
3 7 0.93 0.65 1 0.7 4
4 5 34.56 24.19 6 4.2 7
4 6 4.32 3.02 2 1.4 3
4 7 7.2 5.04 8 5.6 8
5 6 18.56 12.99 8 5.6 6
5 7 6.45 4.51 3 2.1 8
6 7 5.81 4.07 7 4.9 7
