0 1 11.83 8.28 13 9.1 1
0 3 15.98 11.19 17 11.9 1
0 6 16.72 11.7 19 13.3 1
0 9 52.06 36.44 19 13.3 1
0 11 11.76 8.23 4 2.8 1
1 2 14.94 10.46 18 12.6 1
1 3 7.92 5.54 9 6.3 1
1 8 1.68 1.18 2 1.4 1
2 3 43.2 30.24 20 14 1
2 4 4.05 2.83 5 3.5 1
4 5 6.44 4.51 7 4.9 1
4 10 16.8 11.76 20 14 1
4 11 31.68 22.18 11 7.7 1
5 6 8.88 6.22 4 2.8 1
5 11 2.52 1.76 3 2.1 1
6 7 6.56 4.59 8 5.6 1
6 11 50.58 35.41 18 12.6 1
7 9 8.31 5.82 3 2.1 1
7 10 8.2 5.74 10 7 1
8 9 48 33.6 16 11.2 1
8 10 41.72 29.2 14 9.8 1
9 10 10.32 7.22 12 8.4 1
