0 1 6.9 4.83 3 2.1 2
0 2 12.5 8.75 5 3.5 7
0 3 33.6 23.52 6 4.2 1
0 4 15.78 11.05 6 4.2 3
0 5 3.36 2.35 4 2.8 1
0 6 10.36 7.25 4 2.8 1
0 7 13.05 9.13 5 3.5 5
0 8 7.52 5.26 8 5.6 8
1 2 4.98 3.49 6 4.2 4
1 3 2.89 2.02 1 0.7 4
1 4 2.49 1.74 3 2.1 3
1 5 14.98 10.49 7 4.9 5
1 6 3.24 2.27 4 2.8 6
1 7 14.35 10.04 5 3.5 1
1 8 10.2 7.14 4 2.8 2
2 3 4.7 3.29 5 3.5 8
2 4 5.88 4.12 7 4.9 6
2 5 6.16 4.31 7 4.9 6
2 6 18.27 12.79 7 4.9 4
2 7 6.58 4.61 7 4.9 2
2 8 2.82 1.97 3 2.1 7
3 4 4.4 3.08 5 3.5 2
3 5 2.61 1.83 3 2.1 3
3 6 0.87 0.61 1 0.7 5
3 7 0.94 0.66 1 0.7 7
3 8 2.82 1.97 3 2.1 5
4 5 40.67 28.47 7 4.9 1
4 6 3.28 2.3 4 2.8 1
4 7 6.37 4.46 7 4.9 7
4 8 16.8 11.76 8 5.6 8
5 6 5.52 3.86 6 4.2 8
5 7 2.54 1.78 1 0.7 4
5 8 0.85 0.59 1 0.7 6
6 7 0.95 0.66 1 0.7 5
6 8 1.82 1.27 2 1.4 2
7 8 0.88 0.62 1 0.7 3
