0 1 0.84 0.59 1 0.7 6
0 2 5.95 4.17 7 4.9 3
0 4 6.72 4.7 8 5.6 2
0 5 5.4 3.78 6 4.2 4
0 6 2.49 1.74 3 2.1 3
0 7 1.78 1.25 2 1.4 5
0 8 3.48 2.44 4 2.8 6
0 9 1.8 1.26 2 1.4 4
0 10 0.92 0.64 1 0.7 8
1 2 0.9 0.63 1 0.7 7
1 3 1.88 1.32 2 1.4 8
1 4 3.28 2.3 4 2.8 5
1 5 11.84 8.29 4 2.8 3
1 7 0.82 0.57 1 0.7 7
1 8 5.34 3.74 6 4.2 1
2 4 5.1 3.57 6 4.2 9
2 5 23.58 16.51 9 6.3 2
2 9 2.58 1.81 3 2.1 1
2 10 5.4 3.78 6 4.2 7
3 6 7.28 5.1 8 5.6 1
3 7 21.51 15.06 9 6.3 9
3 8 18.32 12.82 8 5.6 6
4 6 3.64 2.55 4 2.8 4
5 6 18.88 13.22 8 5.6 6
5 8 11.36 7.95 4 2.8 4
5 9 14.07 9.85 7 4.9 7
5 10 2.4 1.68 3 2.1 1
6 7 6.42 4.49 3 2.1 5
6 8 4.8 3.36 6 4.2 1
6 9 2.46 1.72 3 2.1 7
6 10 1.74 1.22 2 1.4 1
7 9 0.86 0.6 1 0.7 2
8 9 6.44 4.51 7 4.9 9
