0 1 10.92 7.64 13 9.1 1
0 3 14.96 10.47 17 11.9 1
0 6 45.22 31.65 19 13.3 1
0 8 9.68 6.78 11 7.7 1
0 9 49.02 34.31 19 13.3 1
0 11 8.24 5.77 4 2.8 1
1 2 16.92 11.84 18 12.6 1
1 3 8.01 5.61 9 6.3 1
1 8 1.64 1.15 2 1.4 1
2 3 17.6 12.32 20 14 1
2 4 4.35 3.04 5 3.5 1
3 11 4.6 3.22 5 3.5 1
4 5 6.51 4.56 7 4.9 1
4 10 17 11.9 20 14 1
4 11 29.48 20.64 11 7.7 1
5 6 3.32 2.32 4 2.8 1
5 7 11.76 8.23 14 9.8 1
5 11 21.54 15.08 3 2.1 1
6 7 6.48 4.54 8 5.6 1
6 9 8.55 5.99 9 6.3 1
6 11 14.4 10.08 18 12.6 1
7 9 2.82 1.97 3 2.1 1
7 10 9 6.3 10 7 1
8 9 14.88 10.42 16 11.2 1
8 10 37.24 26.07 14 9.8 1
9 10 10.92 7.64 12 8.4 1
