0 1 0.9 0.63 1 0.7 7
0 2 6.23 4.36 7 4.9 1
0 3 0.94 0.66 1 0.7 4
0 4 2.7 1.89 3 2.1 9
0 5 2.7 1.89 3 2.1 7
0 6 11.24 7.87 2 1.4 8
0 7 0.87 0.61 1 0.7 4
0 8 1.72 1.2 2 1.4 1
0 9 5.6 3.92 2 1.4 5
0 10 0.82 0.57 1 0.7 8
1 2 4.25 2.97 5 3.5 7
1 3 5.77 4.04 1 0.7 6
1 4 6.8 4.76 8 5.6 6
1 5 0.85 0.59 1 0.7 5
1 6 19.68 13.78 3 2.1 4
1 7 5.88 4.12 7 4.9 9
1 8 6.64 4.65 8 5.6 9
1 9 5.81 4.07 7 4.9 7
1 10 5.94 4.16 2 1.4 8
2 3 6.51 4.56 7 4.9 6
2 4 2.35 1.65 1 0.7 2
2 5 3.56 2.49 4 2.8 1
2 6 6 4.2 1 0.7 4
2 7 37.85 26.5 5 3.5 5
2 8 3.36 2.35 4 2.8 7
2 9 1.72 1.2 2 1.4 6
2 10 5.32 3.72 2 1.4 1
3 4 1.82 1.27 2 1.4 1
3 5 0.83 0.58 1 0.7 1
3 6 4.05 2.83 5 3.5 6
3 7 6.09 4.26 7 4.9 5
3 8 5.34 3.74 6 4.2 1
3 9 1.9 1.33 2 1.4 8
3 10 3.48 2.44 4 2.8 9
4 5 6.8 4.76 8 5.6 4
4 6 4.05 2.83 5 3.5 1
4 7 11.48 8.04 4 2.8 3
4 8 6.88 4.82 8 5.6 5
4 9 14.64 10.25 6 4.2 3
4 10 5.95 4.17 7 4.9 1
5 6 39.8 27.86 5 3.5 7
5 7 2.85 1.99 3 2.1 8
5 8 5.34 3.74 6 4.2 3
5 9 5.22 3.65 6 4.2 2
5 10 3.28 2.3 4 2.8 2
6 7 1.8 1.26 2 1.4 2
6 8 2.29 1.6 1 0.7 8
6 9 5.1 3.57 6 4.2 1
6 10 10.96 7.67 4 2.8 3
7 8 3.32 2.32 4 2.8 8
7 9 4.05 2.83 5 3.5 8
7 10 17.52 12.26 6 4.2 4
8 9 3.6 2.52 4 2.8 5
8 10 5.95 4.17 7 4.9 6
9 10 3.36 2.35 4 2.8 4
