0 1 5.7 3.99 6 4.2 5
0 2 2.98 2.09 1 0.7 4
0 3 4.34 3.04 2 1.4 4
0 4 0.82 0.57 1 0.7 1
0 5 7.87 5.51 1 0.7 6
0 6 2.44 1.71 1 0.7 3
0 7 2.72 1.9 1 0.7 6
0 8 1.86 1.3 2 1.4 1
0 9 2.7 1.89 3 2.1 9
0 10 2.82 1.97 3 2.1 5
1 2 4.65 3.25 5 3.5 3
1 3 2.04 1.43 1 0.7 7
1 4 18.08 12.66 8 5.6 9
1 6 0.93 0.65 1 0.7 1
1 7 2.14 1.5 1 0.7 2
1 8 7.28 5.1 8 5.6 4
1 10 14.3 10.01 5 3.5 1
2 3 5.7 3.99 6 4.2 1
2 4 6.45 4.51 3 2.1 3
2 6 0.85 0.59 1 0.7 4
2 8 7.47 5.23 9 6.3 8
2 9 0.94 0.66 1 0.7 6
2 10 7.2 5.04 8 5.6 9
3 4 5.74 4.02 7 4.9 7
3 5 5.04 3.53 6 4.2 9
3 6 6.37 4.46 7 4.9 7
3 7 14.98 10.49 7 4.9 5
3 8 2.48 1.74 1 0.7 4
3 9 7.44 5.21 8 5.6 2
3 10 7.98 5.59 3 2.1 8
4 6 5.16 3.61 6 4.2 8
4 7 0.9 0.63 1 0.7 2
4 9 5.1 3.57 6 4.2 7
4 10 64 44.8 8 5.6 8
5 6 32.4 22.68 5 3.5 3
5 7 7.2 5.04 8 5.6 6
5 8 4.45 3.11 5 3.5 1
5 9 14.94 10.46 6 4.2 1
6 8 5.28 3.7 6 4.2 4
6 9 1.76 1.23 2 1.4 2
6 10 0.82 0.57 1 0.7 5
7 8 7.74 5.42 9 6.3 3
8 9 6.3 4.41 7 4.9 8
8 10 3.32 2.32 4 2.8 3
