0 1 72.41 50.69 13 9.1 1
0 3 15.81 11.07 17 11.9 1
0 6 40.47 28.33 19 13.3 1
0 9 16.91 11.84 19 13.3 1
0 11 3.48 2.44 4 2.8 1
1 2 42.48 29.74 18 12.6 1
1 3 7.38 5.17 9 6.3 1
1 8 1.86 1.3 2 1.4 1
2 3 16.4 11.48 20 14 1
2 4 4.4 3.08 5 3.5 1
2 12 20.9 14.63 22 15.4 1
3 12 5.52 3.86 6 4.2 1
4 5 6.37 4.46 7 4.9 1
4 10 57.6 40.32 20 14 1
4 11 24.09 16.86 11 7.7 1
4 12 14.45 10.11 17 11.9 1
5 6 3.2 2.24 4 2.8 1
5 11 8.49 5.94 3 2.1 1
6 7 7.36 5.15 8 5.6 1
6 11 16.74 11.72 18 12.6 1
7 9 2.82 1.97 3 2.1 1
7 10 27.3 19.11 10 7 1
8 9 13.92 9.74 16 11.2 1
8 10 11.62 8.13 14 9.8 1
9 10 11.28 7.9 12 8.4 1
11 12 16.91 11.84 19 13.3 1
