0 1 10.4 7.28 13 9.1 1
0 3 13.77 9.64 17 11.9 1
0 6 39.9 27.93 19 13.3 1
0 9 41.04 28.73 19 13.3 1
0 11 9.32 6.52 4 2.8 1
1 2 14.76 10.33 18 12.6 1
1 3 54.63 38.24 9 6.3 1
1 8 5.6 3.92 2 1.4 1
2 3 17.4 12.18 20 14 1
2 4 4 2.8 5 3.5 1
2 10 61.16 42.81 22 15.4 1
3 10 31.86 22.3 6 4.2 1
4 5 6.51 4.56 7 4.9 1
4 10 36.04 25.23 17 11.9 1
4 11 10.01 7.01 11 7.7 1
5 6 3.24 2.27 4 2.8 1
5 11 2.73 1.91 3 2.1 1
6 7 7.52 5.26 8 5.6 1
6 11 36.9 25.83 18 12.6 1
7 9 8.67 6.07 3 2.1 1
8 9 14.4 10.08 16 11.2 1
11 10 53.2 37.24 19 13.3 1
