0 2 6.02 4.21 7 4.9 8
0 14 16.32 11.42 8 5.6 5
0 16 4.2 2.94 5 3.5 8
0 18 0.82 0.57 1 0.7 7
0 23 14.64 10.25 6 4.2 1
0 26 5.81 4.07 7 4.9 4
1 0 2.64 1.85 3 2.1 2
1 11 2.83 1.98 1 0.7 9
2 3 5.88 4.12 7 4.9 4
2 5 8.64 6.05 4 2.8 3
2 7 16.02 11.21 6 4.2 8
3 4 1.78 1.25 2 1.4 9
3 5 5.67 3.97 7 4.9 9
3 9 0.92 0.64 1 0.7 4
4 5 15.3 10.71 2 1.4 9
4 8 7.8 5.46 3 2.1 3
5 6 2.73 1.91 3 2.1 1
5 7 4.86 3.4 6 4.2 4
5 8 5.58 3.91 6 4.2 9
5 9 1.78 1.25 2 1.4 8
6 10 13.02 9.11 6 4.2 7
7 8 16.8 11.76 6 4.2 5
9 10 4.6 3.22 5 3.5 5
11 12 3.6 2.52 4 2.8 2
12 13 3.76 2.63 4 2.8 1
12 14 3.4 2.38 4 2.8 7
13 15 25.56 17.89 9 6.3 3
13 17 1.74 1.22 2 1.4 9
13 19 12.95 9.06 5 3.5 5
13 20 27.6 19.32 5 3.5 5
14 16 2.49 1.74 3 2.1 7
14 19 6.48 4.54 8 5.6 2
15 16 22.23 15.56 9 6.3 1
17 20 1.74 1.22 2 1.4 9
17 24 2.67 1.87 3 2.1 7
19 20 6.51 4.56 1 0.7 8
20 21 7.12 4.98 8 5.6 2
20 22 6.37 4.46 7 4.9 6
20 24 23.76 16.63 8 5.6 4
21 22 0.91 0.64 1 0.7 6
21 24 6.42 4.49 3 2.1 4
22 23 4.75 3.32 5 3.5 9
22 25 7.68 5.38 3 2.1 2
23 26 12.45 8.71 5 3.5 9
24 25 3.44 2.41 4 2.8 1
25 26 2.67 1.87 3 2.1 8
