0 1 4.15 2.91 5 3.5 7
0 2 21.49 15.04 7 4.9 12
0 3 17.7 12.39 10 7 15
0 4 46.55 32.58 19 13.3 1
1 2 38.08 26.66 16 11.2 13
1 5 6.4 4.48 8 5.6 8
1 6 8.37 5.86 9 6.3 16
1 7 28.7 20.09 14 9.8 7
2 5 10.23 7.16 11 7.7 3
3 4 10.01 7.01 11 7.7 15
3 9 56.16 39.31 26 18.2 8
3 10 25.5 17.85 30 21 16
4 9 4.83 3.38 3 2.1 11
5 9 10.92 7.64 13 9.1 14
5 11 36.72 25.7 17 11.9 4
6 8 26.4 18.48 30 21 3
7 8 17.1 11.97 18 12.6 1
7 11 18.06 12.64 21 14.7 5
8 12 30.72 21.5 8 5.6 9
9 10 12.6 8.82 15 10.5 14
10 11 16.91 11.84 19 13.3 15
10 12 24.84 17.39 12 8.4 1
11 12 29.4 20.58 14 9.8 14
