0 1 11.83 8.28 13 9.1 1
0 3 15.98 11.19 17 11.9 1
0 6 16.72 11.7 19 13.3 1
0 9 85.31 59.72 19 13.3 1
0 11 9.76 6.83 4 2.8 1
1 2 30.42 21.29 18 12.6 1
1 3 18.18 12.73 9 6.3 1
1 8 3.54 2.48 2 1.4 1
2 3 33.2 23.24 20 14 1
2 4 4.05 2.83 5 3.5 1
4 5 6.44 4.51 7 4.9 1
4 10 35.4 24.78 20 14 1
4 11 26.18 18.33 11 7.7 1
5 6 13.76 9.63 4 2.8 1
5 11 2.52 1.76 3 2.1 1
6 7 6.56 4.59 8 5.6 1
6 11 41.58 29.11 18 12.6 1
7 9 6.81 4.77 3 2.1 1
7 10 16.2 11.34 10 7 1
8 9 40 28 16 11.2 1
8 10 34.72 24.3 14 9.8 1
9 10 10.32 7.22 12 8.4 1
