0 1 0.81 0.57 1 0.7 2
0 2 2.05 1.43 1 0.7 3
0 3 4.3 3.01 1 0.7 4
0 4 0.89 0.62 1 0.7 5
0 5 0.83 0.58 1 0.7 6
0 6 0.83 0.58 1 0.7 7
0 7 1.85 1.29 1 0.7 8
1 2 1.72 1.2 2 1.4 3
1 3 3.04 2.13 2 1.4 4
1 4 6.08 4.26 2 1.4 5
1 5 1.9 1.33 2 1.4 6
1 6 1.68 1.18 2 1.4 7
1 7 4.1 2.87 2 1.4 8
2 3 2.79 1.95 3 2.1 4
2 4 6.24 4.37 3 2.1 5
2 5 7.41 5.19 3 2.1 6
2 6 2.82 1.97 3 2.1 7
2 7 11.19 7.83 3 2.1 8
3 4 3.48 2.44 4 2.8 5
3 5 6.24 4.37 4 2.8 6
3 6 6.4 4.48 4 2.8 7
3 7 6.2 4.34 4 2.8 8
4 5 4.4 3.08 5 3.5 6
4 6 4.4 3.08 5 3.5 7
4 7 4.45 3.11 5 3.5 8
5 6 10.92 7.64 6 4.2 7
5 7 12.12 8.48 6 4.2 8
6 7 5.88 4.12 7 4.9 8
