0 1 7.92 5.54 4 2.8 8
0 2 4.74 3.32 1 0.7 1
0 3 2.49 1.74 3 2.1 3
0 4 12.78 8.95 6 4.2 2
0 5 11.04 7.73 6 4.2 7
0 6 1.78 1.25 2 1.4 2
0 7 0.94 0.66 1 0.7 3
1 2 2.58 1.81 3 2.1 8
1 3 5.22 3.65 6 4.2 1
1 4 3.6 2.52 4 2.8 1
1 5 4.82 3.37 2 1.4 1
1 6 5.28 3.7 6 4.2 2
1 7 14.12 9.88 4 2.8 5
2 3 6.23 4.36 7 4.9 7
2 4 2.73 1.91 3 2.1 3
2 5 3.52 2.46 4 2.8 6
2 6 25.68 17.98 8 5.6 8
2 7 7.96 5.57 2 1.4 1
3 4 10.92 7.64 6 4.2 1
3 5 3.28 2.3 2 1.4 2
3 6 8.84 6.19 4 2.8 1
3 7 0.93 0.65 1 0.7 4
4 5 21.06 14.74 6 4.2 7
4 6 3.32 2.32 2 1.4 3
4 7 17.2 12.04 8 5.6 8
5 6 14.56 10.19 8 5.6 6
5 7 4.95 3.46 3 2.1 8
6 7 5.81 4.07 7 4.9 7
