0 1 43.94 30.76 13 9.1 1
0 3 15.81 11.07 17 11.9 1
0 6 30.97 21.68 19 13.3 1
0 9 16.91 11.84 19 13.3 1
0 11 3.48 2.44 4 2.8 1
1 2 33.48 23.44 18 12.6 1
1 3 7.38 5.17 9 6.3 1
1 8 4.78 3.35 2 1.4 1
2 3 16.4 11.48 20 14 1
2 4 4.4 3.08 5 3.5 1
2 12 20.9 14.63 22 15.4 1
3 12 5.52 3.86 6 4.2 1
4 5 6.37 4.46 7 4.9 1
4 10 47.6 33.32 20 14 1
4 11 37.18 26.03 11 7.7 1
4 12 14.45 10.11 17 11.9 1
5 6 3.2 2.24 4 2.8 1
5 11 6.99 4.89 3 2.1 1
6 7 7.36 5.15 8 5.6 1
6 11 16.74 11.72 18 12.6 1
7 9 2.82 1.97 3 2.1 1
7 10 22.3 15.61 10 7 1
8 9 13.92 9.74 16 11.2 1
8 10 11.62 8.13 14 9.8 1
9 10 29.28 20.5 12 8.4 1
11 12 16.91 11.84 19 13.3 1
