0 1 11.96 8.37 13 9.1 1
0 3 27.2 19.04 17 11.9 1
0 6 15.39 10.77 19 13.3 1
0 9 40.85 28.59 19 13.3 1
0 10 15.3 10.71 17 11.9 1
0 11 3.68 2.58 4 2.8 1
1 2 16.2 11.34 18 12.6 1
1 3 28.71 20.1 9 6.3 1
1 8 3.72 2.6 2 1.4 1
2 3 41.8 29.26 20 14 1
2 4 11.1 7.77 5 3.5 1
4 10 19 13.3 20 14 1
4 11 25.96 18.17 11 7.7 1
5 6 8.44 5.91 4 2.8 1
5 10 6.9 4.83 3 2.1 1
6 7 6.72 4.7 8 5.6 1
6 11 17.1 11.97 18 12.6 1
7 9 2.79 1.95 3 2.1 1
7 10 8.2 5.74 10 7 1
8 9 33.6 23.52 16 11.2 1
8 10 11.34 7.94 14 9.8 1
9 10 9.72 6.8 12 8.4 1
