0 7 8.46 5.92 9 6.3 1
0 8 8.16 5.71 4 2.8 2
0 9 11.83 8.28 13 9.1 1
0 10 9.84 6.89 12 8.4 2
1 0 10.45 7.31 11 7.7 1
1 2 13.8 9.66 15 10.5 1
1 3 15.48 10.84 18 12.6 2
1 4 6.64 4.65 8 5.6 2
2 3 16.08 11.26 8 5.6 2
2 7 15.48 10.84 18 12.6 2
2 8 5.16 3.61 6 4.2 1
3 0 13.3 9.31 7 4.9 1
3 5 8.8 6.16 10 7 2
3 10 13.77 9.64 17 11.9 1
4 0 7.83 5.48 9 6.3 2
4 5 61.95 43.37 15 10.5 1
5 10 6.69 4.68 3 2.1 2
6 1 4.98 3.49 6 4.2 1
6 3 10.45 7.31 11 7.7 2
6 4 4.75 3.32 5 3.5 1
7 8 12.32 8.62 14 9.8 2
7 11 9.15 6.41 5 3.5 1
8 9 18.05 12.63 19 13.3 1
9 11 1.68 1.18 2 1.4 2
10 11 6.02 4.21 7 4.9 1
