0 1 5.4 3.78 3 2.1 2
0 2 10 7 5 3.5 7
0 3 20.4 14.28 6 4.2 1
0 4 12.78 8.95 6 4.2 3
0 5 3.36 2.35 4 2.8 1
0 6 8.36 5.85 4 2.8 1
0 7 10.55 7.38 5 3.5 5
0 8 7.52 5.26 8 5.6 8
1 2 4.98 3.49 6 4.2 4
1 3 2.39 1.67 1 0.7 4
1 4 2.49 1.74 3 2.1 3
1 5 11.48 8.04 7 4.9 5
1 6 3.24 2.27 4 2.8 6
1 7 11.85 8.29 5 3.5 1
1 8 8.2 5.74 4 2.8 2
2 3 4.7 3.29 5 3.5 8
2 4 5.88 4.12 7 4.9 6
2 5 6.16 4.31 7 4.9 6
2 6 14.77 10.34 7 4.9 4
2 7 6.58 4.61 7 4.9 2
2 8 2.82 1.97 3 2.1 7
3 4 4.4 3.08 5 3.5 2
3 5 2.61 1.83 3 2.1 3
3 6 0.87 0.61 1 0.7 5
3 7 0.94 0.66 1 0.7 7
3 8 2.82 1.97 3 2.1 5
4 5 24.78 17.35 7 4.9 1
4 6 3.28 2.3 4 2.8 1
4 7 6.37 4.46 7 4.9 7
4 8 12.8 8.96 8 5.6 8
5 6 5.52 3.86 6 4.2 8
5 7 2.04 1.43 1 0.7 4
5 8 0.85 0.59 1 0.7 6
6 7 0.95 0.66 1 0.7 5
6 8 1.82 1.27 2 1.4 2
7 8 0.88 0.62 1 0.7 3
