0 1 5.7 3.99 6 4.2 5
0 2 2.48 1.74 1 0.7 4
0 3 3.34 2.34 2 1.4 4
0 4 0.82 0.57 1 0.7 1
0 5 4.92 3.44 1 0.7 6
0 6 1.94 1.36 1 0.7 3
0 7 2.22 1.55 1 0.7 6
0 8 1.86 1.3 2 1.4 1
0 9 2.7 1.89 3 2.1 9
0 10 2.82 1.97 3 2.1 5
1 2 4.65 3.25 5 3.5 3
1 3 1.54 1.08 1 0.7 7
1 4 14.08 9.86 8 5.6 9
1 6 0.93 0.65 1 0.7 1
1 7 1.64 1.15 1 0.7 2
1 8 7.28 5.1 8 5.6 4
1 10 11.8 8.26 5 3.5 1
2 3 5.7 3.99 6 4.2 1
2 4 4.95 3.46 3 2.1 3
2 6 0.85 0.59 1 0.7 4
2 8 7.47 5.23 9 6.3 8
2 9 0.94 0.66 1 0.7 6
2 10 7.2 5.04 8 5.6 9
3 4 5.74 4.02 7 4.9 7
3 5 5.04 3.53 6 4.2 9
3 6 6.37 4.46 7 4.9 7
3 7 11.48 8.04 7 4.9 5
3 8 1.98 1.39 1 0.7 4
3 9 7.44 5.21 8 5.6 2
3 10 6.48 4.54 3 2.1 8
4 6 5.16 3.61 6 4.2 8
4 7 0.9 0.63 1 0.7 2
4 9 5.1 3.57 6 4.2 7
4 10 40 28 8 5.6 8
5 6 19.95 13.96 5 3.5 3
5 7 7.2 5.04 8 5.6 6
5 8 4.45 3.11 5 3.5 1
5 9 11.94 8.36 6 4.2 1
6 8 5.28 3.7 6 4.2 4
6 9 1.76 1.23 2 1.4 2
6 10 0.82 0.57 1 0.7 5
7 8 7.74 5.42 9 6.3 3
8 9 6.3 4.41 7 4.9 8
8 10 3.32 2.32 4 2.8 3
