0 1 13 9.1 12.22 8.55 1
0 3 17 11.9 14.62 10.23 1
0 6 19 13.3 29.07 20.35 1
0 8 11 7.7 9.13 6.39 1
0 9 19 13.3 17.1 11.97 1
0 11 4 2.8 3.72 2.6 1
1 3 9 6.3 16.38 11.47 1
1 8 2 1.4 3.08 2.16 1
2 3 20 14 39 27.3 1
2 4 5 3.5 4.75 3.32 1
2 11 6 4.2 4.98 3.49 1
4 5 7 4.9 6.51 4.56 1
4 10 20 14 17.8 12.46 1
4 11 11 7.7 9.24 6.47 1
5 6 4 2.8 3.36 2.35 1
5 11 3 2.1 2.76 1.93 1
6 7 8 5.6 6.48 4.54 1
7 9 3 2.1 2.58 1.81 1
7 10 10 7 21 14.7 1
8 9 16 11.2 14.4 10.08 1
8 10 14 9.8 23.1 16.17 1
9 10 12 8.4 10.2 7.14 1
