4 5 23.92 16.74 26 18.2 26
5 6 18.27 12.79 21 14.7 21
5 7 21.1 14.77 10 7 10
7 8 29.6 20.72 37 25.9 37
8 9 10.68 7.48 12 8.4 12
7 10 43.2 30.24 48 33.6 48
10 11 56.25 39.38 25 17.5 25
11 12 10.32 7.22 12 8.4 12
12 13 32.58 22.81 18 12.6 18
9 14 28.34 19.84 13 9.1 13
14 15 6.8 4.76 8 5.6 8
14 16 24.31 17.02 13 9.1 13
12 16 4.92 3.44 6 4.2 6
12 15 11.04 7.73 12 8.4 12
16 17 7.28 5.1 8 5.6 8
17 18 4.98 3.49 6 4.2 6
9 18 25.76 18.03 28 19.6 28
11 19 30.26 21.18 34 23.8 34
19 20 53.94 37.76 58 40.6 58
19 21 8.4 5.88 10 7 10
20 22 45.1 31.57 55 38.5 55
19 23 28.05 19.63 33 23.1 33
22 23 228.48 159.94 56 39.2 56
23 24 8.9 6.23 10 7 10
24 25 94.56 66.19 48 33.6 48
22 25 16.8 11.76 20 14 20
24 26 17.1 11.97 19 13.3 19
26 27 5.46 3.82 6 4.2 6
27 28 15.65 10.96 5 3.5 5
27 29 4.6 3.22 5 3.5 5
29 30 36.49 25.54 41 28.7 41
25 30 11.16 7.81 12 8.4 12
29 31 25.76 18.03 28 19.6 28
28 32 46.8 32.76 52 36.4 52
10 32 22.08 15.46 24 16.8 24
33 138 40.67 28.47 49 34.3 49
33 34 48.38 33.87 59 41.3 59
34 35 3.24 2.27 4 2.8 4
34 36 14.79 10.35 17 11.9 17
35 36 17.4 12.18 20 14 20
35 37 23.5 16.45 25 17.5 25
37 38 5.64 3.95 6 4.2 6
38 39 16.38 11.47 18 12.6 18
39 40 10.2 7.14 12 8.4 12
37 40 8.8 6.16 10 7 10
40 46 80.19 56.13 99 69.3 99
36 41 52.36 36.65 17 11.9 17
41 42 4.35 3.04 5 3.5 5
36 42 13.28 9.3 16 11.2 16
42 43 25.42 17.79 31 21.7 31
43 44 11.76 8.23 14 9.8 14
33 44 3.28 2.3 4 2.8 4
41 46 3.36 2.35 4 2.8 4
45 46 6.58 4.61 7 4.9 7
42 45 4.45 3.11 5 3.5 5
32 138 10.79 7.55 13 9.1 13
47 138 41.65 29.15 49 34.3 49
47 48 8.1 5.67 10 7 10
47 49 6.88 4.82 8 5.6 8
49 50 26.4 18.48 30 21 30
50 51 9.96 6.97 12 8.4 12
51 52 11.28 7.9 12 8.4 12
52 139 54.48 38.14 24 16.8 24
48 139 78.24 54.77 24 16.8 24
53 54 38.1 26.67 10 7 10
54 55 3.2 2.24 4 2.8 4
55 56 44.59 31.21 49 34.3 49
56 57 17.4 12.18 20 14 20
57 58 33.2 23.24 40 28 40
58 59 16.56 11.59 18 12.6 18
44 59 12.75 8.92 15 10.5 15
59 60 118.65 83.05 35 24.5 35
58 60 25.42 17.79 31 21.7 31
48 60 11.31 7.92 13 9.1 13
56 61 12.32 8.62 14 9.8 14
61 62 5.88 4.12 7 4.9 7
62 63 8.46 5.92 9 6.3 9
63 64 12.3 8.61 15 10.5 15
55 64 26.1 18.27 30 21 30
61 65 31.45 22.01 37 25.9 37
65 66 27.72 19.4 33 23.1 33
66 67 7.29 5.1 9 6.3 9
66 68 3.76 2.63 4 2.8 4
68 69 7.52 5.26 8 5.6 8
69 70 8.28 5.8 9 6.3 9
68 70 5.52 3.86 6 4.2 6
70 71 7.29 5.1 9 6.3 9
71 72 15.3 10.71 18 12.6 18
71 73 13.2 9.24 15 10.5 15
72 73 4.5 3.15 5 3.5 5
43 72 29.16 20.41 36 25.2 36
70 74 32.76 22.93 36 25.2 36
74 75 42.77 29.94 47 32.9 47
73 75 23.22 16.25 27 18.9 27
75 76 9.4 6.58 10 7 10
45 76 12.8 8.96 16 11.2 16
76 77 13.8 9.66 15 10.5 15
77 78 10.08 7.06 12 8.4 12
78 79 55.56 38.89 12 8.4 12
78 80 7.56 5.29 9 6.3 9
79 80 8.9 6.23 10 7 10
79 81 61.44 43.01 16 11.2 16
81 82 8.8 6.16 10 7 10
80 82 34.85 24.39 17 11.9 17
81 83 11.7 8.19 13 9.1 13
82 83 27 18.9 18 12.6 18
83 84 8.3 5.81 10 7 10
84 85 18.2 12.74 20 14 20
85 86 3.28 2.3 4 2.8 4
85 87 31.35 21.95 33 23.1 33
87 88 29.12 20.38 14 9.8 14
87 89 9.6 6.72 12 8.4 12
89 90 6.02 4.21 7 4.9 7
67 89 60.97 42.68 67 46.9 67
65 90 255.99 179.19 69 48.3 69
88 91 8.2 5.74 10 7 10
81 91 23.92 16.74 26 18.2 26
83 91 24.36 17.05 29 20.3 29
63 92 23.8 16.66 28 19.6 28
62 92 21.5 15.05 25 17.5 25
92 93 13.94 9.76 17 11.9 17
93 94 42.63 29.84 49 34.3 49
94 95 26.24 18.37 8 5.6 8
95 96 13.77 9.64 17 11.9 17
96 97 2.43 1.7 3 2.1 3
95 98 37.1 25.97 10 7 10
96 98 34.41 24.09 37 25.9 37
98 99 26.73 18.71 33 23.1 33
93 99 13.77 9.64 17 11.9 17
93 100 3.64 2.55 4 2.8 4
65 100 22.68 15.88 28 19.6 28
100 101 28.73 20.11 17 11.9 17
101 102 34.44 24.11 42 29.4 42
90 102 24.57 17.2 27 18.9 27
101 103 17.85 12.5 21 14.7 21
103 104 5.64 3.95 6 4.2 6
104 105 13.05 9.13 15 10.5 15
105 106 22.96 16.07 28 19.6 28
106 107 20 14 25 17.5 25
105 107 32.3 22.61 38 26.6 38
107 108 92.7 64.89 103 72.1 103
106 109 6.72 4.7 8 5.6 8
109 110 13.65 9.55 7 4.9 7
109 111 11.96 8.37 13 9.1 13
106 111 11.31 7.92 13 9.1 13
111 112 3.28 2.3 4 2.8 4
102 112 40.02 28.01 46 32.2 46
112 113 10.56 7.39 12 8.4 12
113 114 31.32 21.92 36 25.2 36
114 115 9.3 6.51 10 7 10
0 115 61.92 43.34 18 12.6 18
115 116 16.53 11.57 19 13.3 19
114 116 16.8 11.76 20 14 20
1 116 13.44 9.41 16 11.2 16
116 117 41.16 28.81 49 34.3 49
116 118 48.72 34.1 24 16.8 24
118 119 12.18 8.53 14 9.8 14
113 117 49.3 34.51 58 40.6 58
90 117 30.45 21.31 35 24.5 35
117 120 14.79 10.35 17 11.9 17
119 120 64.96 45.47 16 11.2 16
120 121 7.28 5.1 8 5.6 8
86 121 24 16.8 15 10.5 15
121 122 12.3 8.61 15 10.5 15
122 123 47.85 33.49 29 20.3 29
119 122 27.2 19.04 32 22.4 32
122 124 29.76 20.83 32 22.4 32
3 123 62.31 43.62 67 46.9 67
123 125 9.46 6.62 11 7.7 11
125 126 65.4 45.78 15 10.5 15
126 127 20.68 14.48 22 15.4 22
2 127 36.08 25.26 41 28.7 41
127 128 21.62 15.13 23 16.1 23
126 128 9.35 6.54 11 7.7 11
125 129 33.25 23.27 35 24.5 35
125 130 23.92 16.74 26 18.2 26
130 131 4.45 3.11 5 3.5 5
131 132 5.74 4.02 7 4.9 7
132 133 24.7 17.29 10 7 10
132 134 17.67 12.37 19 13.3 19
133 134 12.88 9.02 14 9.8 14
133 135 24.8 17.36 31 21.7 31
135 136 23.78 16.65 29 20.3 29
135 137 4.25 2.97 5 3.5 5
130 137 39.48 27.64 47 32.9 47
124 137 18.8 13.16 20 14 20
54 139 25.9 18.13 14 9.8 14
53 139 14.58 10.21 18 12.6 18
10 26 47 32.9 50 35 50
57 69 9.13 6.39 11 7.7 11
