4 5 23.92 16.74 26 18.2 26
5 7 8.5 5.95 10 7 10
7 8 29.6 20.72 37 25.9 37
7 10 39.36 27.55 48 33.6 48
10 11 22.75 15.92 25 17.5 25
11 12 10.8 7.56 12 8.4 12
12 13 16.56 11.59 18 12.6 18
9 14 11.31 7.92 13 9.1 13
14 15 6.72 4.7 8 5.6 8
14 16 10.53 7.37 13 9.1 13
12 16 5.58 3.91 6 4.2 6
12 15 9.72 6.8 12 8.4 12
16 17 6.64 4.65 8 5.6 8
9 18 24.08 16.86 28 19.6 28
11 19 125.46 87.82 34 23.8 34
19 20 48.72 34.1 58 40.6 58
19 21 20.2 14.14 10 7 10
19 23 31.02 21.71 33 23.1 33
22 23 125.44 87.81 56 39.2 56
23 24 43.3 30.31 10 7 10
24 25 43.2 30.24 48 33.6 48
24 26 17.86 12.5 19 13.3 19
26 27 5.22 3.65 6 4.2 6
27 28 4.35 3.04 5 3.5 5
27 29 4.7 3.29 5 3.5 5
29 30 35.26 24.68 41 28.7 41
29 31 23.24 16.27 28 19.6 28
28 32 222.56 155.79 52 36.4 52
10 32 19.44 13.61 24 16.8 24
33 138 41.16 28.81 49 34.3 49
33 34 271.4 189.98 59 41.3 59
34 35 3.56 2.49 4 2.8 4
34 36 14.28 10 17 11.9 17
35 36 35.4 24.78 20 14 20
35 37 20.75 14.52 25 17.5 25
37 38 5.04 3.53 6 4.2 6
38 39 15.84 11.09 18 12.6 18
39 40 10.92 7.64 12 8.4 12
37 40 8.6 6.02 10 7 10
40 46 90.09 63.06 99 69.3 99
36 41 13.77 9.64 17 11.9 17
41 42 4.35 3.04 5 3.5 5
36 42 14.24 9.97 16 11.2 16
42 43 29.14 20.4 31 21.7 31
43 44 12.32 8.62 14 9.8 14
33 44 15.12 10.58 4 2.8 4
41 46 3.56 2.49 4 2.8 4
45 46 6.44 4.51 7 4.9 7
42 45 4.65 3.25 5 3.5 5
32 138 10.92 7.64 13 9.1 13
47 48 8.6 6.02 10 7 10
47 49 6.8 4.76 8 5.6 8
49 50 24.3 17.01 30 21 30
50 51 11.16 7.81 12 8.4 12
51 52 10.68 7.48 12 8.4 12
52 139 21.6 15.12 24 16.8 24
48 139 21.84 15.29 24 16.8 24
53 54 9.4 6.58 10 7 10
54 55 3.48 2.44 4 2.8 4
55 56 45.08 31.56 49 34.3 49
56 57 16.2 11.34 20 14 20
57 58 77.2 54.04 40 28 40
58 59 15.84 11.09 18 12.6 18
44 59 14.1 9.87 15 10.5 15
59 60 164.85 115.39 35 24.5 35
58 60 97.96 68.57 31 21.7 31
48 60 28.08 19.66 13 9.1 13
56 61 12.04 8.43 14 9.8 14
61 62 6.02 4.21 7 4.9 7
62 63 7.83 5.48 9 6.3 9
63 64 62.7 43.89 15 10.5 15
61 65 32.56 22.79 37 25.9 37
65 66 75.57 52.9 33 23.1 33
66 67 7.74 5.42 9 6.3 9
66 68 3.52 2.46 4 2.8 4
68 69 7.12 4.98 8 5.6 8
69 70 19.53 13.67 9 6.3 9
68 70 5.52 3.86 6 4.2 6
70 71 7.65 5.35 9 6.3 9
71 72 44.82 31.37 18 12.6 18
71 73 12.9 9.03 15 10.5 15
72 73 4.65 3.25 5 3.5 5
43 72 31.32 21.92 36 25.2 36
70 74 33.12 23.18 36 25.2 36
74 75 44.65 31.25 47 32.9 47
73 75 25.38 17.77 27 18.9 27
75 76 8.8 6.16 10 7 10
45 76 14.4 10.08 16 11.2 16
76 77 13.8 9.66 15 10.5 15
77 78 10.2 7.14 12 8.4 12
78 79 10.44 7.31 12 8.4 12
78 80 8.55 5.99 9 6.3 9
79 80 8.2 5.74 10 7 10
79 81 48.32 33.82 16 11.2 16
81 82 8.8 6.16 10 7 10
80 82 14.28 10 17 11.9 17
81 83 11.57 8.1 13 9.1 13
82 83 39.06 27.34 18 12.6 18
83 84 33.8 23.66 10 7 10
84 85 16.2 11.34 20 14 20
85 86 3.24 2.27 4 2.8 4
88 91 8.8 6.16 10 7 10
81 91 21.32 14.92 26 18.2 26
83 91 26.39 18.47 29 20.3 29
63 92 24.64 17.25 28 19.6 28
62 92 22.5 15.75 25 17.5 25
94 95 7.2 5.04 8 5.6 8
95 96 14.62 10.23 17 11.9 17
96 97 7.08 4.96 3 2.1 3
95 98 9.5 6.65 10 7 10
96 98 34.04 23.83 37 25.9 37
98 99 28.38 19.87 33 23.1 33
101 103 19.74 13.82 21 14.7 21
103 104 5.1 3.57 6 4.2 6
104 105 12.6 8.82 15 10.5 15
105 106 26.32 18.42 28 19.6 28
106 107 22.25 15.57 25 17.5 25
105 107 34.2 23.94 38 26.6 38
107 108 82.4 57.68 103 72.1 103
106 109 6.64 4.65 8 5.6 8
109 110 5.95 4.17 7 4.9 7
109 111 12.09 8.46 13 9.1 13
106 111 11.83 8.28 13 9.1 13
111 112 6.88 4.82 4 2.8 4
102 112 81.42 56.99 46 32.2 46
112 113 10.56 7.39 12 8.4 12
113 114 29.16 20.41 36 25.2 36
114 115 8.1 5.67 10 7 10
0 115 16.2 11.34 18 12.6 18
115 116 35.72 25 19 13.3 19
114 116 17 11.9 20 14 20
1 116 13.6 9.52 16 11.2 16
116 117 42.14 29.5 49 34.3 49
116 118 21.12 14.78 24 16.8 24
118 119 12.74 8.92 14 9.8 14
113 117 50.46 35.32 58 40.6 58
3 123 261.3 182.91 67 46.9 67
123 125 9.79 6.85 11 7.7 11
125 126 14.25 9.97 15 10.5 15
126 127 20.02 14.01 22 15.4 22
2 127 34.03 23.82 41 28.7 41
127 128 43.24 30.27 23 16.1 23
126 128 9.68 6.78 11 7.7 11
125 129 32.9 23.03 35 24.5 35
125 130 22.36 15.65 26 18.2 26
130 131 4.45 3.11 5 3.5 5
131 132 5.74 4.02 7 4.9 7
132 133 9.2 6.44 10 7 10
132 134 15.77 11.04 19 13.3 19
133 134 11.62 8.13 14 9.8 14
133 135 25.42 17.79 31 21.7 31
135 136 110.78 77.55 29 20.3 29
135 137 4.35 3.04 5 3.5 5
130 137 220.43 154.3 47 32.9 47
124 137 16.2 11.34 20 14 20
54 139 12.18 8.53 14 9.8 14
53 139 28.8 20.16 18 12.6 18
10 26 43.5 30.45 50 35 50
57 69 10.23 7.16 11 7.7 11
5 6 17.22 12.05 21 14.7 0
8 9 10.2 7.14 12 8.4 0
17 18 5.46 3.82 6 4.2 0
20 22 47.3 33.11 55 38.5 0
22 25 18.6 13.02 20 14 0
25 30 11.16 7.81 12 8.4 0
47 138 42.63 29.84 49 34.3 0
55 64 73.2 51.24 30 21 0
85 87 26.4 18.48 33 23.1 0
87 88 11.62 8.13 14 9.8 0
87 89 11.16 7.81 12 8.4 0
89 90 6.44 4.51 7 4.9 0
67 89 56.95 39.87 67 46.9 0
65 90 58.65 41.05 69 48.3 0
92 93 14.79 10.35 17 11.9 0
93 94 183.75 128.62 49 34.3 0
93 99 15.98 11.19 17 11.9 0
93 100 8 5.6 4 2.8 0
65 100 24.36 17.05 28 19.6 0
100 101 15.81 11.07 17 11.9 0
101 102 38.22 26.75 42 29.4 0
90 102 21.6 15.12 27 18.9 0
90 117 29.75 20.82 35 24.5 0
117 120 14.96 10.47 17 11.9 0
119 120 14.4 10.08 16 11.2 0
120 121 7.44 5.21 8 5.6 0
86 121 36.75 25.72 15 10.5 0
121 122 12.15 8.5 15 10.5 0
122 123 48.43 33.9 29 20.3 0
119 122 28.48 19.94 32 22.4 0
122 124 27.84 19.49 32 22.4 0
