4 5 21.06 18.95 26 23.4 26
5 7 8.7 7.83 10 9 10
7 8 34.04 30.64 37 33.3 37
7 10 79.68 71.71 48 43.2 48
10 11 43.75 39.38 25 22.5 25
11 12 10.32 9.29 12 10.8 12
12 13 38.34 34.51 18 16.2 18
12 15 55.56 50 12 10.8 12
9 18 64.12 57.71 28 25.2 28
11 19 30.6 27.54 34 30.6 34
19 20 46.4 41.76 58 52.2 58
19 21 8.7 7.83 10 9 10
19 23 26.73 24.06 33 29.7 33
22 23 45.36 40.82 56 50.4 56
23 24 18.4 16.56 10 9 10
24 25 90.72 81.65 48 43.2 48
24 26 15.58 14.02 19 17.1 19
26 27 4.98 4.48 6 5.4 6
27 28 4.6 4.14 5 4.5 5
27 29 4.05 3.65 5 4.5 5
29 30 36.9 33.21 41 36.9 41
29 31 49 44.1 28 25.2 28
28 32 44.2 39.78 52 46.8 52
10 32 82.32 74.09 24 21.6 24
33 138 41.16 37.04 49 44.1 49
33 34 53.69 48.32 59 53.1 59
34 35 6.72 6.05 4 3.6 4
34 36 37.23 33.51 17 15.3 17
35 36 41.4 37.26 20 18 20
35 37 20.5 18.45 25 22.5 25
37 38 4.8 4.32 6 5.4 6
38 39 14.76 13.28 18 16.2 18
39 40 18.72 16.85 12 10.8 12
37 40 9.4 8.46 10 9 10
40 46 88.11 79.3 99 89.1 99
36 41 14.45 13 17 15.3 17
41 42 4.2 3.78 5 4.5 5
36 42 14.72 13.25 16 14.4 16
42 43 28.83 25.95 31 27.9 31
43 44 11.9 10.71 14 12.6 14
33 44 3.28 2.95 4 3.6 4
41 46 8.28 7.45 4 3.6 4
45 46 6.23 5.61 7 6.3 7
42 45 4.15 3.74 5 4.5 5
32 138 19.89 17.9 13 11.7 13
47 48 8.8 7.92 10 9 10
47 49 6.88 6.19 8 7.2 8
49 50 48 43.2 30 27 30
51 52 54.6 49.14 12 10.8 12
52 139 21.36 19.22 24 21.6 24
48 139 21.6 19.44 24 21.6 24
53 54 9.2 8.28 10 9 10
54 55 3.56 3.2 4 3.6 4
55 56 43.12 38.81 49 44.1 49
56 57 17 15.3 20 18 20
57 58 36 32.4 40 36 40
58 59 16.74 15.07 18 16.2 18
44 59 12.3 11.07 15 13.5 15
59 60 30.45 27.41 35 31.5 35
58 60 143.84 129.46 31 27.9 31
48 60 10.66 9.59 13 11.7 13
56 61 34.86 31.37 14 12.6 14
61 62 6.23 5.61 7 6.3 7
62 63 17.37 15.63 9 8.1 9
63 64 73.5 66.15 15 13.5 15
61 65 29.97 26.97 37 33.3 37
65 66 31.02 27.92 33 29.7 33
66 67 8.46 7.61 9 8.1 9
66 68 3.44 3.1 4 3.6 4
68 69 7.12 6.41 8 7.2 8
69 70 7.92 7.13 9 8.1 9
68 70 5.1 4.59 6 5.4 6
70 71 7.2 6.48 9 8.1 9
71 72 16.92 15.23 18 16.2 18
71 73 13.8 12.42 15 13.5 15
72 73 4 3.6 5 4.5 5
43 72 28.8 25.92 36 32.4 36
74 75 37.6 33.84 47 42.3 47
73 75 41.04 36.94 27 24.3 27
75 76 24 21.6 10 9 10
45 76 13.76 12.38 16 14.4 16
76 77 13.95 12.55 15 13.5 15
77 78 10.32 9.29 12 10.8 12
78 79 26.52 23.87 12 10.8 12
78 80 17.91 16.12 9 8.1 9
79 80 8 7.2 10 9 10
79 81 26.88 24.19 16 14.4 16
81 82 8.3 7.47 10 9 10
80 82 15.64 14.08 17 15.3 17
81 83 11.18 10.06 13 11.7 13
82 83 16.2 14.58 18 16.2 18
83 84 8.1 7.29 10 9 10
84 85 18 16.2 20 18 20
85 86 3.76 3.38 4 3.6 4
88 91 9.3 8.37 10 9 10
81 91 58.5 52.65 26 23.4 26
63 92 93.52 84.17 28 25.2 28
62 92 20.5 18.45 25 22.5 25
94 95 7.36 6.62 8 7.2 8
95 96 14.45 13 17 15.3 17
96 97 2.64 2.38 3 2.7 3
95 98 9.3 8.37 10 9 10
96 98 29.97 26.97 37 33.3 37
98 99 66.99 60.29 33 29.7 33
101 103 18.06 16.25 21 18.9 21
103 104 4.92 4.43 6 5.4 6
104 105 12.45 11.21 15 13.5 15
105 106 66.08 59.47 28 25.2 28
106 107 23.5 21.15 25 22.5 25
105 107 75.24 67.72 38 34.2 38
107 108 94.76 85.28 103 92.7 103
106 109 6.72 6.05 8 7.2 8
109 110 5.88 5.29 7 6.3 7
109 111 12.22 11 13 11.7 13
106 111 10.4 9.36 13 11.7 13
111 112 3.6 3.24 4 3.6 4
102 112 41.86 37.67 46 41.4 46
112 113 11.04 9.94 12 10.8 12
0 115 33.48 30.13 18 16.2 18
115 116 15.39 13.85 19 17.1 19
1 116 34.24 30.82 16 14.4 16
116 117 41.16 37.04 49 44.1 49
116 118 20.16 18.14 24 21.6 24
113 117 48.14 43.33 58 52.2 58
3 123 62.31 56.08 67 60.3 67
123 125 9.68 8.71 11 9.9 11
125 126 34.35 30.92 15 13.5 15
126 127 20.9 18.81 22 19.8 22
2 127 88.97 80.07 41 36.9 41
127 128 56.12 50.51 23 20.7 23
126 128 9.57 8.61 11 9.9 11
125 129 32.9 29.61 35 31.5 35
125 130 45.76 41.18 26 23.4 26
130 131 9.25 8.33 5 4.5 5
131 132 6.44 5.8 7 6.3 7
132 133 8.7 7.83 10 9 10
132 134 39.33 35.4 19 17.1 19
133 134 32.76 29.48 14 12.6 14
133 135 47.43 42.69 31 27.9 31
135 136 62.93 56.64 29 26.1 29
135 137 4.5 4.05 5 4.5 5
130 137 39.01 35.11 47 42.3 47
124 137 17.4 15.66 20 18 20
54 139 56.84 51.16 14 12.6 14
53 139 37.26 33.53 18 16.2 18
10 26 45.5 40.95 50 45 50
57 69 10.23 9.21 11 9.9 11
5 6 17.01 15.31 21 18.9 0
8 9 11.28 10.15 12 10.8 0
9 14 21.71 19.54 13 11.7 0
14 15 6.88 6.19 8 7.2 0
14 16 10.79 9.71 13 11.7 0
12 16 5.16 4.64 6 5.4 0
16 17 6.96 6.26 8 7.2 0
17 18 5.58 5.02 6 5.4 0
20 22 44 39.6 55 49.5 0
22 25 18.6 16.74 20 18 0
25 30 11.04 9.94 12 10.8 0
47 138 115.15 103.64 49 44.1 0
50 51 10.8 9.72 12 10.8 0
55 64 26.7 24.03 30 27 0
70 74 29.52 26.57 36 32.4 0
85 87 27.06 24.35 33 29.7 0
87 88 12.88 11.59 14 12.6 0
87 89 10.92 9.83 12 10.8 0
89 90 6.51 5.86 7 6.3 0
67 89 62.31 56.08 67 60.3 0
65 90 63.48 57.13 69 62.1 0
83 91 53.07 47.76 29 26.1 0
92 93 14.28 12.85 17 15.3 0
93 94 44.59 40.13 49 44.1 0
93 99 14.45 13 17 15.3 0
93 100 3.68 3.31 4 3.6 0
65 100 63.56 57.2 28 25.2 0
100 101 14.11 12.7 17 15.3 0
101 102 70.56 63.5 42 37.8 0
90 102 67.5 60.75 27 24.3 0
113 114 72 64.8 36 32.4 0
114 115 47 42.3 10 9 0
114 116 35.8 32.22 20 18 0
118 119 11.62 10.46 14 12.6 0
90 117 29.05 26.14 35 31.5 0
117 120 14.79 13.31 17 15.3 0
119 120 13.6 12.24 16 14.4 0
120 121 7.28 6.55 8 7.2 0
86 121 51.45 46.31 15 13.5 0
121 122 13.05 11.75 15 13.5 0
122 123 63.51 57.16 29 26.1 0
119 122 157.76 141.98 32 28.8 0
122 124 27.52 24.77 32 28.8 0
