0 1 32 28.8 28.48 25.63 32
1 2 14 12.6 11.9 10.71 14
1 3 17 15.3 15.98 14.38 17
3 4 56 50.4 50.96 45.86 56
8 9 20 18 17.2 15.48 20
10 11 32 28.8 29.12 26.21 32
11 15 29 26.1 24.36 21.92 29
12 15 13 11.7 11.44 10.3 13
12 13 7 6.3 6.58 5.92 7
14 16 26 23.4 21.32 19.19 26
14 17 38 34.2 72.96 65.66 38
17 18 41 36.9 72.16 64.94 41
18 19 32 28.8 28.16 25.34 32
18 20 38 34.2 30.78 27.7 38
20 21 17 15.3 36.72 33.05 17
21 74 24 21.6 44.4 39.96 24
22 30 40 36 36.4 32.76 40
30 31 58 52.2 48.72 43.85 58
31 32 30 27 27.6 24.84 30
31 33 43 38.7 186.62 167.96 43
31 34 86 77.4 80.84 72.76 86
34 40 15 13.5 13.5 12.15 15
42 43 78 70.2 71.76 64.58 78
43 44 12 10.8 22.2 19.98 12
43 45 13 11.7 10.66 9.59 13
45 46 33 29.7 26.4 23.76 33
46 47 10 9 8.1 7.29 10
46 48 9 8.1 8.19 7.37 9
48 49 8 7.2 7.28 6.55 8
48 50 10 9 9.1 8.19 10
49 51 2 1.8 1.86 1.67 2
51 53 4 3.6 3.48 3.13 4
54 55 6 5.4 5.46 4.91 6
41 56 14 12.6 12.88 11.59 14
56 57 78 70.2 156 140.4 78
57 58 25 22.5 21 18.9 25
10 58 78 70.2 358.8 322.92 78
57 59 33 29.7 74.91 67.42 33
59 60 39 35.1 90.09 81.08 39
59 61 23 20.7 19.32 17.39 23
61 62 30 27 25.8 23.22 30
62 64 21 18.9 74.76 67.28 21
61 65 16 14.4 13.6 12.24 16
65 67 45 40.5 37.35 33.62 45
57 68 32 28.8 26.24 23.62 32
58 68 11 9.9 9.79 8.81 11
3 68 75 67.5 183.75 165.38 75
22 74 17 15.3 32.81 29.53 17
19 75 8 7.2 7.2 6.48 8
20 50 2 1.8 4.44 4 2
43 58 28 25.2 23.8 21.42 28
4 5 8 7.2 6.64 5.98 0
4 6 6 5.4 5.52 4.97 0
6 7 18 16.2 16.2 14.58 0
7 8 26 23.4 58.24 52.42 0
9 10 12 10.8 9.96 8.96 0
13 14 7 6.3 5.74 5.17 0
12 76 12 10.8 11.04 9.94 0
17 19 21 18.9 18.69 16.82 0
21 23 4 3.6 6.6 5.94 0
23 24 27 24.3 44.55 40.09 0
24 74 16 14.4 12.96 11.66 0
24 25 17 15.3 29.92 26.93 0
22 25 12 10.8 10.92 9.83 0
25 26 15 13.5 13.65 12.29 0
25 27 18 16.2 16.56 14.9 0
27 28 16 14.4 14.08 12.67 0
24 28 27 24.3 25.65 23.09 0
29 30 14 12.6 12.18 10.96 0
32 35 27 24.3 43.2 38.88 0
32 36 75 67.5 66.75 60.08 0
36 37 8 7.2 7.36 6.62 0
36 38 21 18.9 43.47 39.12 0
38 39 5 4.5 4.55 4.09 0
34 38 7 6.3 6.3 5.67 0
39 40 9 8.1 7.38 6.64 0
40 41 18 16.2 14.94 13.45 0
41 42 11 9.9 9.9 8.91 0
44 45 12 10.8 11.28 10.15 0
10 47 79 71.1 65.57 59.01 0
50 52 4 3.6 3.56 3.2 0
51 52 4 3.6 3.72 3.35 0
23 52 24 21.6 19.68 17.71 0
18 49 30 27 47.7 42.93 0
41 55 26 23.4 24.18 21.76 0
62 63 9 8.1 7.29 6.56 0
69 70 56 50.4 52.08 46.87 0
70 71 6 5.4 5.1 4.59 0
70 72 5 4.5 4.45 4 0
71 72 5 4.5 4.6 4.14 0
72 73 25 22.5 20.75 18.68 0
17 71 92 82.8 79.12 71.21 0
55 66 36 32.4 31.32 28.19 0
11 75 7 6.3 6.37 5.73 0
14 76 13 11.7 10.4 9.36 0
75 76 35 31.5 30.8 27.72 0
59 66 29 26.1 69.6 62.64 0
61 66 31 27.9 28.83 25.95 0
