0 1 68.8 61.92 32 28.8 32
1 2 12.32 11.09 14 12.6 14
1 3 15.98 14.38 17 15.3 17
3 4 45.36 40.82 56 50.4 56
4 5 6.72 6.05 8 7.2 8
4 6 5.64 5.08 6 5.4 6
6 7 15.12 13.61 18 16.2 18
7 8 39.52 35.57 26 23.4 26
8 9 42.6 38.34 20 18 20
9 10 53.88 48.49 12 10.8 12
10 11 30.4 27.36 32 28.8 32
11 15 24.07 21.66 29 26.1 29
12 15 11.57 10.41 13 11.7 13
12 13 5.95 5.36 7 6.3 7
13 14 6.65 5.99 7 6.3 7
12 76 9.6 8.64 12 10.8 12
14 16 22.62 20.36 26 23.4 26
14 17 88.92 80.03 38 34.2 38
17 18 37.72 33.95 41 36.9 41
18 19 29.12 26.21 32 28.8 32
17 19 19.11 17.2 21 18.9 21
18 20 75.24 67.72 38 34.2 38
20 21 16.15 14.53 17 15.3 17
21 74 19.68 17.71 24 21.6 24
21 23 6.6 5.94 4 3.6 4
23 24 84.51 76.06 27 24.3 27
24 74 12.96 11.66 16 14.4 16
24 25 37.57 33.81 17 15.3 17
22 25 22.68 20.41 12 10.8 12
25 26 27.75 24.98 15 13.5 15
25 27 14.94 13.45 18 16.2 18
27 28 14.24 12.82 16 14.4 16
24 28 25.38 22.84 27 24.3 27
29 30 12.32 11.09 14 12.6 14
22 30 36 32.4 40 36 40
30 31 46.98 42.28 58 52.2 58
31 32 63.3 56.97 30 27 30
31 33 68.8 61.92 43 38.7 43
31 34 259.72 233.75 86 77.4 86
32 35 24.03 21.63 27 24.3 27
32 36 68.25 61.43 75 67.5 75
36 37 6.96 6.26 8 7.2 8
36 38 18.69 16.82 21 18.9 21
38 39 11.5 10.35 5 4.5 5
34 38 5.67 5.1 7 6.3 7
34 40 33 29.7 15 13.5 15
39 40 7.83 7.05 9 8.1 9
40 41 37.98 34.18 18 16.2 18
41 42 9.79 8.81 11 9.9 11
42 43 125.58 113.02 78 70.2 78
43 44 51.96 46.76 12 10.8 12
44 45 9.72 8.75 12 10.8 12
43 45 25.35 22.82 13 11.7 13
45 46 27.06 24.35 33 29.7 33
46 47 17.1 15.39 10 9 10
10 47 69.52 62.57 79 71.1 79
46 48 8.28 7.45 9 8.1 9
48 49 7.04 6.34 8 7.2 8
48 50 9.1 8.19 10 9 10
49 51 1.86 1.67 2 1.8 2
50 52 3.64 3.28 4 3.6 4
51 52 3.64 3.28 4 3.6 4
51 53 18.52 16.67 4 3.6 4
23 52 19.68 17.71 24 21.6 24
18 49 25.8 23.22 30 27 30
54 55 5.16 4.64 6 5.4 6
41 55 42.38 38.14 26 23.4 26
41 56 12.18 10.96 14 12.6 14
56 57 67.08 60.37 78 70.2 78
57 58 20.75 18.68 25 22.5 25
10 58 73.32 65.99 78 70.2 78
57 59 26.73 24.06 33 29.7 33
59 60 82.29 74.06 39 35.1 39
59 61 18.4 16.56 23 20.7 23
61 62 27.3 24.57 30 27 30
62 63 8.1 7.29 9 8.1 9
62 64 46.41 41.77 21 18.9 21
61 65 14.4 12.96 16 14.4 16
65 67 42.75 38.48 45 40.5 45
57 68 27.2 24.48 32 28.8 32
58 68 10.01 9.01 11 9.9 11
3 68 63.75 57.38 75 67.5 75
69 70 47.6 42.84 56 50.4 56
70 71 5.16 4.64 6 5.4 6
70 72 4.6 4.14 5 4.5 5
71 72 4.1 3.69 5 4.5 5
72 73 20.5 18.45 25 22.5 25
17 71 82.8 74.52 92 82.8 92
55 66 60.48 54.43 36 32.4 36
22 74 33.66 30.29 17 15.3 17
11 75 5.95 5.36 7 6.3 7
19 75 6.72 6.05 8 7.2 8
14 76 11.83 10.65 13 11.7 13
75 76 75.25 67.73 35 31.5 35
20 50 3.98 3.58 2 1.8 2
43 58 108.36 97.52 28 25.2 28
59 66 24.07 21.66 29 26.1 29
61 66 29.45 26.5 31 27.9 31
