4 5 21.06 18.95 26 23.4 26
5 7 9.2 8.28 10 9 10
7 8 34.41 30.97 37 33.3 37
7 10 39.36 35.42 48 43.2 48
10 11 75.25 67.73 25 22.5 25
11 12 10.56 9.5 12 10.8 12
12 13 16.2 14.58 18 16.2 18
19 21 9.1 8.19 10 9 10
19 23 27.39 24.65 33 29.7 33
23 24 8.3 7.47 10 9 10
24 26 43.32 38.99 19 17.1 19
26 27 5.28 4.75 6 5.4 6
27 28 4.3 3.87 5 4.5 5
27 29 22.5 20.25 5 4.5 5
29 31 22.96 20.66 28 25.2 28
10 32 20.4 18.36 24 21.6 24
33 138 42.63 38.37 49 44.1 49
35 36 16.6 14.94 20 18 20
35 37 120.75 108.67 25 22.5 25
37 38 4.98 4.48 6 5.4 6
38 39 17.1 15.39 18 16.2 18
36 42 13.6 12.24 16 14.4 16
42 43 28.21 25.39 31 27.9 31
43 44 22.96 20.66 14 12.6 14
33 44 3.28 2.95 4 3.6 4
42 45 18.95 17.05 5 4.5 5
32 138 26.39 23.75 13 11.7 13
47 48 9 8.1 10 9 10
48 139 20.4 18.36 24 21.6 24
53 54 8.1 7.29 10 9 10
54 55 19.08 17.17 4 3.6 4
61 62 6.37 5.73 7 6.3 7
62 63 7.47 6.72 9 8.1 9
63 64 26.25 23.62 15 13.5 15
61 65 32.56 29.3 37 33.3 37
65 66 61.05 54.95 33 29.7 33
66 67 8.19 7.37 9 8.1 9
66 68 3.6 3.24 4 3.6 4
68 70 5.04 4.54 6 5.4 6
70 71 8.01 7.21 9 8.1 9
71 72 43.2 38.88 18 16.2 18
43 72 30.6 27.54 36 32.4 36
45 76 15.04 13.54 16 14.4 16
76 77 13.2 11.88 15 13.5 15
77 78 9.84 8.86 12 10.8 12
78 79 10.56 9.5 12 10.8 12
79 81 31.36 28.22 16 14.4 16
81 83 11.57 10.41 13 11.7 13
83 84 9.2 8.28 10 9 10
84 85 38.8 34.92 20 18 20
85 86 3.56 3.2 4 3.6 4
94 95 6.56 5.9 8 7.2 8
95 96 14.62 13.16 17 15.3 17
96 97 2.64 2.38 3 2.7 3
101 103 17.64 15.88 21 18.9 21
103 104 5.4 4.86 6 5.4 6
104 105 28.65 25.79 15 13.5 15
105 106 62.16 55.94 28 25.2 28
106 107 21.75 19.57 25 22.5 25
107 108 235.87 212.28 103 92.7 103
106 109 7.6 6.84 8 7.2 8
109 110 6.37 5.73 7 6.3 7
109 111 10.79 9.71 13 11.7 13
106 111 55.12 49.61 13 11.7 13
111 112 7.76 6.98 4 3.6 4
112 113 10.2 9.18 12 10.8 12
0 115 16.2 14.58 18 16.2 18
115 116 15.39 13.85 19 17.1 19
1 116 14.72 13.25 16 14.4 16
116 118 50.88 45.79 24 21.6 24
113 117 53.94 48.55 58 52.2 58
123 125 9.13 8.22 11 9.9 11
125 129 30.8 27.72 35 31.5 35
54 139 12.74 11.47 14 12.6 14
10 26 47 42.3 50 45 50
5 6 50.61 45.55 21 18.9 0
8 9 10.2 9.18 12 10.8 0
9 14 11.18 10.06 13 11.7 0
14 15 6.8 6.12 8 7.2 0
14 16 11.83 10.65 13 11.7 0
12 16 5.64 5.08 6 5.4 0
12 15 9.72 8.75 12 10.8 0
16 17 18.72 16.85 8 7.2 0
17 18 5.4 4.86 6 5.4 0
9 18 24.36 21.92 28 25.2 0
11 19 27.2 24.48 34 30.6 0
19 20 49.3 44.37 58 52.2 0
20 22 47.85 43.07 55 49.5 0
22 23 104.72 94.25 56 50.4 0
24 25 39.84 35.86 48 43.2 0
22 25 18.8 16.92 20 18 0
29 30 38.54 34.69 41 36.9 0
25 30 10.92 9.83 12 10.8 0
28 32 43.68 39.31 52 46.8 0
33 34 136.29 122.66 59 53.1 0
34 35 3.72 3.35 4 3.6 0
34 36 13.6 12.24 17 15.3 0
39 40 10.68 9.61 12 10.8 0
37 40 23.5 21.15 10 9 0
40 46 81.18 73.06 99 89.1 0
36 41 37.4 33.66 17 15.3 0
41 42 4.75 4.28 5 4.5 0
41 46 3.56 3.2 4 3.6 0
45 46 6.51 5.86 7 6.3 0
47 138 46.55 41.89 49 44.1 0
47 49 7.52 6.77 8 7.2 0
49 50 24.6 22.14 30 27 0
50 51 23.4 21.06 12 10.8 0
51 52 10.68 9.61 12 10.8 0
52 139 46.8 42.12 24 21.6 0
55 56 40.67 36.6 49 44.1 0
56 57 18 16.2 20 18 0
57 58 35.2 31.68 40 36 0
58 59 32.04 28.84 18 16.2 0
44 59 13.2 11.88 15 13.5 0
59 60 32.9 29.61 35 31.5 0
58 60 27.59 24.83 31 27.9 0
48 60 11.05 9.95 13 11.7 0
56 61 12.74 11.47 14 12.6 0
55 64 49.5 44.55 30 27 0
68 69 7.2 6.48 8 7.2 0
69 70 7.74 6.97 9 8.1 0
71 73 29.1 26.19 15 13.5 0
72 73 4.2 3.78 5 4.5 0
70 74 33.84 30.46 36 32.4 0
74 75 38.54 34.69 47 42.3 0
73 75 23.22 20.9 27 24.3 0
75 76 8.3 7.47 10 9 0
78 80 8.55 7.7 9 8.1 0
79 80 9 8.1 10 9 0
81 82 21.5 19.35 10 9 0
80 82 14.79 13.31 17 15.3 0
82 83 15.66 14.09 18 16.2 0
85 87 31.02 27.92 33 29.7 0
87 88 63.42 57.08 14 12.6 0
87 89 18.96 17.06 12 10.8 0
89 90 28.56 25.7 7 6.3 0
67 89 54.94 49.45 67 60.3 0
65 90 64.17 57.75 69 62.1 0
88 91 9.4 8.46 10 9 0
81 91 63.96 57.56 26 23.4 0
83 91 23.78 21.4 29 26.1 0
63 92 26.04 23.44 28 25.2 0
62 92 22.25 20.03 25 22.5 0
92 93 14.79 13.31 17 15.3 0
93 94 39.69 35.72 49 44.1 0
95 98 8 7.2 10 9 0
96 98 71.41 64.27 37 33.3 0
98 99 28.71 25.84 33 29.7 0
93 99 13.77 12.39 17 15.3 0
93 100 13.12 11.81 4 3.6 0
65 100 45.08 40.57 28 25.2 0
100 101 15.47 13.92 17 15.3 0
101 102 94.5 85.05 42 37.8 0
90 102 24.3 21.87 27 24.3 0
105 107 30.78 27.7 38 34.2 0
102 112 40.94 36.85 46 41.4 0
113 114 33.84 30.46 36 32.4 0
114 115 23.1 20.79 10 9 0
114 116 18.2 16.38 20 18 0
116 117 41.16 37.04 49 44.1 0
118 119 13.3 11.97 14 12.6 0
90 117 29.4 26.46 35 31.5 0
117 120 14.79 13.31 17 15.3 0
119 120 36.16 32.54 16 14.4 0
120 121 18.72 16.85 8 7.2 0
86 121 48.45 43.61 15 13.5 0
121 122 12.15 10.94 15 13.5 0
122 123 25.23 22.71 29 26.1 0
119 122 26.24 23.62 32 28.8 0
122 124 30.08 27.07 32 28.8 0
3 123 59.63 53.67 67 60.3 0
125 126 13.65 12.29 15 13.5 0
126 127 18.7 16.83 22 19.8 0
2 127 95.94 86.35 41 36.9 0
127 128 20.01 18.01 23 20.7 0
126 128 9.13 8.22 11 9.9 0
125 130 22.1 19.89 26 23.4 0
130 131 4.5 4.05 5 4.5 0
131 132 30.31 27.28 7 6.3 0
132 133 39.6 35.64 10 9 0
132 134 17.29 15.56 19 17.1 0
133 134 13.3 11.97 14 12.6 0
133 135 28.21 25.39 31 27.9 0
135 136 139.78 125.8 29 26.1 0
135 137 10.7 9.63 5 4.5 0
130 137 43.24 38.92 47 42.3 0
124 137 16.6 14.94 20 18 0
53 139 14.4 12.96 18 16.2 0
57 69 9.46 8.51 11 9.9 0
