4 5 21.58 19.42 26 23.4 26
5 7 9.5 8.55 10 9 10
7 8 33.67 30.3 37 33.3 37
7 10 43.68 39.31 48 43.2 48
10 11 49.75 44.77 25 22.5 25
11 12 9.96 8.96 12 10.8 12
12 13 15.12 13.61 18 16.2 18
19 21 9.5 8.55 10 9 10
19 23 30.03 27.03 33 29.7 33
23 24 8.1 7.29 10 9 10
24 26 16.34 14.71 19 17.1 19
26 27 5.4 4.86 6 5.4 6
27 28 4.4 3.96 5 4.5 5
27 29 8.25 7.42 5 4.5 5
29 31 88.76 79.88 28 25.2 28
10 32 20.16 18.14 24 21.6 24
33 138 40.18 36.16 49 44.1 49
35 36 17.2 15.48 20 18 20
35 37 21.75 19.57 25 22.5 25
37 38 5.1 4.59 6 5.4 6
38 39 16.2 14.58 18 16.2 18
36 42 15.04 13.54 16 14.4 16
42 43 70.99 63.89 31 27.9 31
43 44 26.04 23.44 14 12.6 14
33 44 8.16 7.34 4 3.6 4
42 45 8.25 7.42 5 4.5 5
32 138 10.53 9.48 13 11.7 13
47 48 24.5 22.05 10 9 10
48 139 22.32 20.09 24 21.6 24
53 54 16.4 14.76 10 9 10
54 55 3.64 3.28 4 3.6 4
61 62 11.69 10.52 7 6.3 7
62 63 7.47 6.72 9 8.1 9
63 64 12.9 11.61 15 13.5 15
61 65 34.41 30.97 37 33.3 37
65 66 30.69 27.62 33 29.7 33
66 67 19.26 17.33 9 8.1 9
66 68 3.52 3.17 4 3.6 4
68 70 5.52 4.97 6 5.4 6
70 71 20.16 18.14 9 8.1 9
71 72 14.76 13.28 18 16.2 18
43 72 29.88 26.89 36 32.4 36
45 76 14.88 13.39 16 14.4 16
76 77 27.75 24.98 15 13.5 15
77 78 9.96 8.96 12 10.8 12
78 79 9.72 8.75 12 10.8 12
79 81 15.2 13.68 16 14.4 16
81 83 10.53 9.48 13 11.7 13
83 84 9 8.1 10 9 10
84 85 34.4 30.96 20 18 20
85 86 3.64 3.28 4 3.6 4
94 95 6.96 6.26 8 7.2 8
95 96 34.68 31.21 17 15.3 17
96 97 11.22 10.1 3 2.7 3
101 103 18.06 16.25 21 18.9 21
103 104 9.48 8.53 6 5.4 6
104 105 12.6 11.34 15 13.5 15
105 106 23.8 21.42 28 25.2 28
106 107 23.5 21.15 25 22.5 25
107 108 90.64 81.58 103 92.7 103
106 109 7.36 6.62 8 7.2 8
109 110 16.38 14.74 7 6.3 7
109 111 12.09 10.88 13 11.7 13
106 111 29.12 26.21 13 11.7 13
111 112 3.68 3.31 4 3.6 4
112 113 9.96 8.96 12 10.8 12
0 115 14.58 13.12 18 16.2 18
115 116 15.77 14.19 19 17.1 19
1 116 13.92 12.53 16 14.4 16
116 118 21.84 19.66 24 21.6 24
113 117 129.92 116.93 58 52.2 58
123 125 21.67 19.5 11 9.9 11
125 129 31.5 28.35 35 31.5 35
54 139 12.32 11.09 14 12.6 14
10 26 40.5 36.45 50 45 50
5 6 17.22 15.5 21 18.9 0
8 9 10.56 9.5 12 10.8 0
9 14 11.96 10.76 13 11.7 0
14 15 6.96 6.26 8 7.2 0
14 16 11.31 10.18 13 11.7 0
12 16 5.22 4.7 6 5.4 0
12 15 10.8 9.72 12 10.8 0
16 17 6.64 5.98 8 7.2 0
17 18 11.82 10.64 6 5.4 0
9 18 22.68 20.41 28 25.2 0
11 19 29.92 26.93 34 30.6 0
19 20 52.2 46.98 58 52.2 0
20 22 50.05 45.05 55 49.5 0
22 23 53.2 47.88 56 50.4 0
24 25 40.8 36.72 48 43.2 0
22 25 18 16.2 20 18 0
29 30 37.31 33.58 41 36.9 0
25 30 10.92 9.83 12 10.8 0
28 32 108.68 97.81 52 46.8 0
33 34 50.74 45.67 59 53.1 0
34 35 3.64 3.28 4 3.6 0
34 36 37.23 33.51 17 15.3 0
39 40 11.28 10.15 12 10.8 0
37 40 8.4 7.56 10 9 0
40 46 93.06 83.75 99 89.1 0
36 41 13.94 12.55 17 15.3 0
41 42 4.6 4.14 5 4.5 0
41 46 3.72 3.35 4 3.6 0
45 46 5.74 5.17 7 6.3 0
47 138 176.4 158.76 49 44.1 0
47 49 31.84 28.66 8 7.2 0
49 50 27 24.3 30 27 0
50 51 10.44 9.4 12 10.8 0
51 52 11.16 10.04 12 10.8 0
52 139 21.36 19.22 24 21.6 0
55 56 45.08 40.57 49 44.1 0
56 57 17.8 16.02 20 18 0
57 58 37.6 33.84 40 36 0
58 59 15.3 13.77 18 16.2 0
44 59 12.75 11.47 15 13.5 0
59 60 33.25 29.93 35 31.5 0
58 60 57.97 52.17 31 27.9 0
48 60 21.32 19.19 13 11.7 0
56 61 13.02 11.72 14 12.6 0
55 64 26.4 23.76 30 27 0
68 69 6.72 6.05 8 7.2 0
69 70 7.74 6.97 9 8.1 0
71 73 32.4 29.16 15 13.5 0
72 73 11.85 10.66 5 4.5 0
70 74 32.04 28.84 36 32.4 0
74 75 41.83 37.65 47 42.3 0
73 75 48.06 43.25 27 24.3 0
75 76 8 7.2 10 9 0
78 80 8.55 7.7 9 8.1 0
79 80 8.4 7.56 10 9 0
81 82 17.8 16.02 10 9 0
80 82 15.47 13.92 17 15.3 0
82 83 40.68 36.61 18 16.2 0
85 87 29.37 26.43 33 29.7 0
87 88 11.62 10.46 14 12.6 0
87 89 10.08 9.07 12 10.8 0
89 90 6.51 5.86 7 6.3 0
67 89 61.64 55.48 67 60.3 0
65 90 146.28 131.65 69 62.1 0
88 91 8.9 8.01 10 9 0
81 91 21.32 19.19 26 23.4 0
83 91 69.89 62.9 29 26.1 0
63 92 24.64 22.18 28 25.2 0
62 92 22.75 20.48 25 22.5 0
92 93 28.56 25.7 17 15.3 0
93 94 41.16 37.04 49 44.1 0
95 98 9.3 8.37 10 9 0
96 98 33.67 30.3 37 33.3 0
98 99 67.32 60.59 33 29.7 0
93 99 80.75 72.67 17 15.3 0
93 100 3.68 3.31 4 3.6 0
65 100 24.36 21.92 28 25.2 0
100 101 14.62 13.16 17 15.3 0
101 102 81.48 73.33 42 37.8 0
90 102 21.6 19.44 27 24.3 0
105 107 76.38 68.74 38 34.2 0
102 112 37.26 33.53 46 41.4 0
113 114 32.4 29.16 36 32.4 0
114 115 23.9 21.51 10 9 0
114 116 18 16.2 20 18 0
116 117 45.57 41.01 49 44.1 0
118 119 24.92 22.43 14 12.6 0
90 117 33.25 29.93 35 31.5 0
117 120 15.47 13.92 17 15.3 0
119 120 12.8 11.52 16 14.4 0
120 121 7.04 6.34 8 7.2 0
86 121 13.35 12.02 15 13.5 0
121 122 12.45 11.21 15 13.5 0
122 123 26.1 23.49 29 26.1 0
119 122 26.56 23.9 32 28.8 0
122 124 27.84 25.06 32 28.8 0
3 123 54.94 49.45 67 60.3 0
125 126 35.7 32.13 15 13.5 0
126 127 41.36 37.22 22 19.8 0
2 127 34.03 30.63 41 36.9 0
127 128 21.62 19.46 23 20.7 0
126 128 27.28 24.55 11 9.9 0
125 130 21.84 19.66 26 23.4 0
130 131 4.25 3.83 5 4.5 0
131 132 5.74 5.17 7 6.3 0
132 133 9.3 8.37 10 9 0
132 134 15.96 14.36 19 17.1 0
133 134 12.46 11.21 14 12.6 0
133 135 26.66 23.99 31 27.9 0
135 136 23.49 21.14 29 26.1 0
135 137 4.3 3.87 5 4.5 0
130 137 40.42 36.38 47 42.3 0
124 137 17.6 15.84 20 18 0
53 139 14.58 13.12 18 16.2 0
57 69 10.12 9.11 11 9.9 0
