0 1 25.92 23.33 32 28.8 32
1 2 11.48 10.33 14 12.6 14
1 3 28.56 25.7 17 15.3 17
3 4 116.48 104.83 56 50.4 56
4 5 15.52 13.97 8 7.2 8
4 6 12.78 11.5 6 5.4 6
6 7 41.58 37.42 18 16.2 18
7 8 56.16 50.54 26 23.4 26
8 9 18.6 16.74 20 18 20
9 10 10.08 9.07 12 10.8 12
10 11 29.76 26.78 32 28.8 32
11 15 23.78 21.4 29 26.1 29
12 15 29.38 26.44 13 11.7 13
12 13 5.81 5.23 7 6.3 7
13 14 6.51 5.86 7 6.3 7
12 76 18 16.2 12 10.8 12
14 16 59.28 53.35 26 23.4 26
14 17 33.44 30.1 38 34.2 38
17 18 35.67 32.1 41 36.9 41
18 19 108.16 97.34 32 28.8 32
17 19 18.27 16.44 21 18.9 21
18 20 34.2 30.78 38 34.2 38
20 21 30.09 27.08 17 15.3 17
21 74 36.72 33.05 24 21.6 24
21 23 3.48 3.13 4 3.6 4
23 24 24.57 22.11 27 24.3 27
24 74 13.44 12.1 16 14.4 16
24 25 42.33 38.1 17 15.3 17
22 25 10.08 9.07 12 10.8 12
25 26 46.35 41.72 15 13.5 15
25 27 16.56 14.9 18 16.2 18
27 28 13.12 11.81 16 14.4 16
24 28 24.3 21.87 27 24.3 27
29 30 24.36 21.92 14 12.6 14
22 30 88 79.2 40 36 40
30 31 47.56 42.8 58 52.2 58
31 32 26.4 23.76 30 27 30
31 33 35.26 31.73 43 38.7 43
31 34 79.12 71.21 86 77.4 86
32 35 23.22 20.9 27 24.3 27
32 36 64.5 58.05 75 67.5 75
36 37 7.52 6.77 8 7.2 8
36 38 19.11 17.2 21 18.9 21
38 39 4.45 4 5 4.5 5
34 38 13.72 12.35 7 6.3 7
34 40 28.05 25.25 15 13.5 15
39 40 7.29 6.56 9 8.1 9
40 41 34.92 31.43 18 16.2 18
41 42 10.45 9.4 11 9.9 11
42 43 70.2 63.18 78 70.2 78
43 44 10.2 9.18 12 10.8 12
44 45 28.44 25.6 12 10.8 12
43 45 11.96 10.76 13 11.7 13
45 46 26.4 23.76 33 29.7 33
46 47 8.5 7.65 10 9 10
10 47 71.1 63.99 79 71.1 79
46 48 7.92 7.13 9 8.1 9
48 49 13.44 12.1 8 7.2 8
48 50 22.4 20.16 10 9 10
49 51 1.74 1.57 2 1.8 2
50 52 8.52 7.67 4 3.6 4
51 52 3.44 3.1 4 3.6 4
51 53 3.6 3.24 4 3.6 4
23 52 22.32 20.09 24 21.6 24
18 49 26.4 23.76 30 27 30
54 55 4.92 4.43 6 5.4 6
41 55 24.18 21.76 26 23.4 26
41 56 11.9 10.71 14 12.6 14
56 57 74.1 66.69 78 70.2 78
57 58 39 35.1 25 22.5 25
10 58 71.76 64.58 78 70.2 78
57 59 81.84 73.66 33 29.7 33
59 60 31.98 28.78 39 35.1 39
59 61 20.7 18.63 23 20.7 23
61 62 28.2 25.38 30 27 30
62 63 8.01 7.21 9 8.1 9
62 64 17.85 16.07 21 18.9 21
61 65 13.6 12.24 16 14.4 16
65 67 41.4 37.26 45 40.5 45
57 68 29.76 26.78 32 28.8 32
58 68 8.91 8.02 11 9.9 11
3 68 142.5 128.25 75 67.5 75
69 70 48.72 43.85 56 50.4 56
70 71 5.46 4.91 6 5.4 6
70 72 7.55 6.79 5 4.5 5
71 72 7.7 6.93 5 4.5 5
72 73 20.5 18.45 25 22.5 25
17 71 87.4 78.66 92 82.8 92
55 66 31.68 28.51 36 32.4 36
22 74 15.64 14.08 17 15.3 17
11 75 6.23 5.61 7 6.3 7
19 75 7.36 6.62 8 7.2 8
14 76 11.57 10.41 13 11.7 13
75 76 78.4 70.56 35 31.5 35
20 50 1.62 1.46 2 1.8 2
43 58 24.36 21.92 28 25.2 28
59 66 72.21 64.99 29 26.1 29
61 66 27.28 24.55 31 27.9 31
