0 1 25.92 23.33 32 28.8 32
1 2 21.98 19.78 14 12.6 14
1 3 15.47 13.92 17 15.3 17
3 4 95.2 85.68 56 50.4 56
4 5 6.64 5.98 8 7.2 8
4 6 5.1 4.59 6 5.4 6
6 7 15.3 13.77 18 16.2 18
7 8 22.88 20.59 26 23.4 26
8 9 17.6 15.84 20 18 20
9 10 25.32 22.79 12 10.8 12
10 11 26.56 23.9 32 28.8 32
11 15 23.49 21.14 29 26.1 29
12 15 32.24 29.02 13 11.7 13
12 13 6.23 5.61 7 6.3 7
13 14 6.09 5.48 7 6.3 7
12 76 10.92 9.83 12 10.8 12
14 16 20.8 18.72 26 23.4 26
14 17 32.68 29.41 38 34.2 38
17 18 37.72 33.95 41 36.9 41
18 19 28.48 25.63 32 28.8 32
17 19 45.15 40.63 21 18.9 21
18 20 32.3 29.07 38 34.2 38
20 21 14.62 13.16 17 15.3 17
21 74 39.6 35.64 24 21.6 24
21 23 3.32 2.99 4 3.6 4
23 24 40.5 36.45 27 24.3 27
24 74 13.44 12.1 16 14.4 16
24 25 30.6 27.54 17 15.3 17
22 25 10.8 9.72 12 10.8 12
25 26 13.2 11.88 15 13.5 15
25 27 15.66 14.09 18 16.2 18
27 28 13.6 12.24 16 14.4 16
24 28 48.06 43.25 27 24.3 27
29 30 12.74 11.47 14 12.6 14
22 30 33.6 30.24 40 36 40
30 31 49.3 44.37 58 52.2 58
31 32 25.5 22.95 30 27 30
31 33 73.53 66.18 43 38.7 43
31 34 68.8 61.92 86 77.4 86
32 35 21.87 19.68 27 24.3 27
32 36 140.25 126.23 75 67.5 75
36 37 7.36 6.62 8 7.2 8
36 38 19.74 17.77 21 18.9 21
38 39 4.15 3.74 5 4.5 5
34 38 6.51 5.86 7 6.3 7
34 40 13.2 11.88 15 13.5 15
39 40 21.42 19.28 9 8.1 9
40 41 15.3 13.77 18 16.2 18
41 42 9.24 8.32 11 9.9 11
42 43 67.08 60.37 78 70.2 78
43 44 10.8 9.72 12 10.8 12
44 45 9.72 8.75 12 10.8 12
43 45 10.92 9.83 13 11.7 13
45 46 66 59.4 33 29.7 33
46 47 8.7 7.83 10 9 10
10 47 132.72 119.45 79 71.1 79
46 48 7.38 6.64 9 8.1 9
48 49 29.92 26.93 8 7.2 8
48 50 8.7 7.83 10 9 10
49 51 1.74 1.57 2 1.8 2
50 52 9.4 8.46 4 3.6 4
51 52 3.52 3.17 4 3.6 4
51 53 6.48 5.83 4 3.6 4
23 52 102.72 92.45 24 21.6 24
18 49 27 24.3 30 27 30
54 55 4.98 4.48 6 5.4 6
41 55 41.86 37.67 26 23.4 26
41 56 12.04 10.84 14 12.6 14
56 57 70.98 63.88 78 70.2 78
57 58 58 52.2 25 22.5 25
10 58 69.42 62.48 78 70.2 78
57 59 27.06 24.35 33 29.7 33
59 60 31.98 28.78 39 35.1 39
59 61 19.32 17.39 23 20.7 23
61 62 26.4 23.76 30 27 30
62 63 7.65 6.89 9 8.1 9
62 64 16.8 15.12 21 18.9 21
61 65 13.28 11.95 16 14.4 16
65 67 155.7 140.13 45 40.5 45
57 68 26.24 23.62 32 28.8 32
58 68 17.27 15.54 11 9.9 11
3 68 63 56.7 75 67.5 75
69 70 52.64 47.38 56 50.4 56
70 71 13.32 11.99 6 5.4 6
70 72 4.7 4.23 5 4.5 5
71 72 7.8 7.02 5 4.5 5
72 73 21.5 19.35 25 22.5 25
17 71 385.48 346.93 92 82.8 92
55 66 32.4 29.16 36 32.4 36
22 74 13.94 12.55 17 15.3 17
11 75 6.09 5.48 7 6.3 7
19 75 14 12.6 8 7.2 8
14 76 11.18 10.06 13 11.7 13
75 76 30.1 27.09 35 31.5 35
20 50 1.76 1.58 2 1.8 2
43 58 42.84 38.56 28 25.2 28
59 66 112.52 101.27 29 26.1 29
61 66 27.59 24.83 31 27.9 31
