0 1 26.56 23.9 32 28.8 32
1 2 12.88 11.59 14 12.6 14
1 3 15.81 14.23 17 15.3 17
3 4 46.48 41.83 56 50.4 56
8 9 16.8 15.12 20 18 20
10 11 29.76 26.78 32 28.8 32
11 15 27.26 24.53 29 26.1 29
12 15 11.7 10.53 13 11.7 13
12 13 5.88 5.29 7 6.3 7
14 16 23.66 21.29 26 23.4 26
14 17 33.06 29.75 38 34.2 38
17 18 38.54 34.69 41 36.9 41
18 19 27.84 25.06 32 28.8 32
18 20 61.18 55.06 38 34.2 38
20 21 39.27 35.34 17 15.3 17
21 74 48.24 43.42 24 21.6 24
22 30 64.4 57.96 40 36 40
30 31 52.2 46.98 58 52.2 58
31 32 25.8 23.22 30 27 30
31 33 75.68 68.11 43 38.7 43
31 34 78.26 70.43 86 77.4 86
34 40 13.05 11.75 15 13.5 15
42 43 63.96 57.56 78 70.2 78
43 44 10.8 9.72 12 10.8 12
43 45 11.05 9.95 13 11.7 13
45 46 54.78 49.3 33 29.7 33
46 47 9.1 8.19 10 9 10
46 48 14.67 13.2 9 8.1 9
48 49 14.8 13.32 8 7.2 8
48 50 9.4 8.46 10 9 10
49 51 1.64 1.48 2 1.8 2
51 53 3.24 2.92 4 3.6 4
54 55 4.92 4.43 6 5.4 6
41 56 11.34 10.21 14 12.6 14
56 57 183.3 164.97 78 70.2 78
57 58 23.25 20.93 25 22.5 25
10 58 73.32 65.99 78 70.2 78
57 59 29.37 26.43 33 29.7 33
59 60 34.32 30.89 39 35.1 39
59 61 21.62 19.46 23 20.7 23
61 62 69.3 62.37 30 27 30
62 64 50.82 45.74 21 18.9 21
61 65 13.12 11.81 16 14.4 16
65 67 37.8 34.02 45 40.5 45
57 68 141.12 127.01 32 28.8 32
58 68 10.12 9.11 11 9.9 11
3 68 238.5 214.65 75 67.5 75
22 74 16.15 14.53 17 15.3 17
19 75 7.04 6.34 8 7.2 8
20 50 1.88 1.69 2 1.8 2
43 58 46.48 41.83 28 25.2 28
4 5 13.84 12.46 8 7.2 0
4 6 19.14 17.23 6 5.4 0
6 7 38.16 34.34 18 16.2 0
7 8 22.88 20.59 26 23.4 0
9 10 11.28 10.15 12 10.8 0
13 14 6.02 5.42 7 6.3 0
12 76 24.84 22.36 12 10.8 0
17 19 36.54 32.89 21 18.9 0
21 23 3.72 3.35 4 3.6 0
23 24 24.03 21.63 27 24.3 0
24 74 14.24 12.82 16 14.4 0
24 25 16.15 14.53 17 15.3 0
22 25 11.04 9.94 12 10.8 0
25 26 35.4 31.86 15 13.5 0
25 27 34.38 30.94 18 16.2 0
27 28 26.4 23.76 16 14.4 0
24 28 43.74 39.37 27 24.3 0
29 30 12.88 11.59 14 12.6 0
32 35 23.49 21.14 27 24.3 0
32 36 348 313.2 75 67.5 0
36 37 7.12 6.41 8 7.2 0
36 38 17.64 15.88 21 18.9 0
38 39 4.5 4.05 5 4.5 0
34 38 16.38 14.74 7 6.3 0
39 40 8.37 7.53 9 8.1 0
40 41 15.3 13.77 18 16.2 0
41 42 9.02 8.12 11 9.9 0
44 45 10.2 9.18 12 10.8 0
10 47 67.94 61.15 79 71.1 0
50 52 3.72 3.35 4 3.6 0
51 52 3.68 3.31 4 3.6 0
23 52 22.32 20.09 24 21.6 0
18 49 24.9 22.41 30 27 0
41 55 53.04 47.74 26 23.4 0
62 63 22.23 20.01 9 8.1 0
69 70 49.84 44.86 56 50.4 0
70 71 12.72 11.45 6 5.4 0
70 72 10.5 9.45 5 4.5 0
71 72 11.4 10.26 5 4.5 0
72 73 51 45.9 25 22.5 0
17 71 79.12 71.21 92 82.8 0
55 66 87.84 79.06 36 32.4 0
11 75 6.51 5.86 7 6.3 0
14 76 24.57 22.11 13 11.7 0
75 76 29.05 26.14 35 31.5 0
59 66 24.94 22.45 29 26.1 0
61 66 27.9 25.11 31 27.9 0
