4 5 46.54 41.89 26 23.4 26
5 6 35.7 32.13 21 18.9 21
5 7 8.6 7.74 10 9 10
7 8 34.41 30.97 37 33.3 37
8 9 9.84 8.86 12 10.8 12
7 10 45.12 40.61 48 43.2 48
10 11 23.5 21.15 25 22.5 25
11 12 9.6 8.64 12 10.8 12
12 13 16.74 15.07 18 16.2 18
9 14 19.89 17.9 13 11.7 13
14 15 6.88 6.19 8 7.2 8
14 16 11.96 10.76 13 11.7 13
12 16 5.4 4.86 6 5.4 6
12 15 10.68 9.61 12 10.8 12
16 17 7.52 6.77 8 7.2 8
17 18 5.22 4.7 6 5.4 6
9 18 114.52 103.07 28 25.2 28
11 19 30.94 27.85 34 30.6 34
19 20 51.62 46.46 58 52.2 58
19 21 8.5 7.65 10 9 10
20 22 218.35 196.51 55 49.5 55
19 23 31.02 27.92 33 29.7 33
22 23 49.28 44.35 56 50.4 56
23 24 9.2 8.28 10 9 10
24 25 39.84 35.86 48 43.2 48
22 25 16.8 15.12 20 18 20
24 26 16.72 15.05 19 17.1 19
26 27 4.98 4.48 6 5.4 6
27 28 10.15 9.13 5 4.5 5
27 29 4.65 4.19 5 4.5 5
29 30 200.49 180.44 41 36.9 41
25 30 25.68 23.11 12 10.8 12
29 31 22.68 20.41 28 25.2 28
28 32 46.8 42.12 52 46.8 52
10 32 20.64 18.58 24 21.6 24
33 138 164.64 148.18 49 44.1 49
33 34 48.38 43.54 59 53.1 59
34 35 8.24 7.42 4 3.6 4
34 36 14.79 13.31 17 15.3 17
35 36 48.2 43.38 20 18 20
35 37 23.5 21.15 25 22.5 25
37 38 5.4 4.86 6 5.4 6
38 39 15.3 13.77 18 16.2 18
39 40 10.32 9.29 12 10.8 12
37 40 24.9 22.41 10 9 10
40 46 356.4 320.76 99 89.1 99
36 41 15.47 13.92 17 15.3 17
41 42 4.45 4 5 4.5 5
36 42 13.92 12.53 16 14.4 16
42 43 28.83 25.95 31 27.9 31
43 44 11.9 10.71 14 12.6 14
33 44 3.72 3.35 4 3.6 4
41 46 9.44 8.5 4 3.6 4
45 46 12.18 10.96 7 6.3 7
42 45 10.2 9.18 5 4.5 5
32 138 10.79 9.71 13 11.7 13
47 138 197.96 178.16 49 44.1 49
47 48 8.2 7.38 10 9 10
47 49 6.72 6.05 8 7.2 8
49 50 67.8 61.02 30 27 30
50 51 10.56 9.5 12 10.8 12
51 52 9.72 8.75 12 10.8 12
52 139 51.84 46.66 24 21.6 24
48 139 22.32 20.09 24 21.6 24
53 54 8.4 7.56 10 9 10
54 55 9.36 8.42 4 3.6 4
55 56 43.12 38.81 49 44.1 49
56 57 18.4 16.56 20 18 20
57 58 77.2 69.48 40 36 40
58 59 15.12 13.61 18 16.2 18
44 59 13.35 12.02 15 13.5 15
59 60 29.75 26.78 35 31.5 35
58 60 26.97 24.27 31 27.9 31
48 60 31.85 28.67 13 11.7 13
56 61 13.16 11.84 14 12.6 14
61 62 6.44 5.8 7 6.3 7
62 63 7.38 6.64 9 8.1 9
63 64 12.3 11.07 15 13.5 15
55 64 24.6 22.14 30 27 30
61 65 32.19 28.97 37 33.3 37
65 66 28.71 25.84 33 29.7 33
66 67 7.74 6.97 9 8.1 9
66 68 3.8 3.42 4 3.6 4
68 69 6.8 6.12 8 7.2 8
69 70 7.92 7.13 9 8.1 9
68 70 5.28 4.75 6 5.4 6
70 71 7.92 7.13 9 8.1 9
71 72 63.18 56.86 18 16.2 18
71 73 12.9 11.61 15 13.5 15
72 73 4.7 4.23 5 4.5 5
43 72 144 129.6 36 32.4 36
70 74 29.88 26.89 36 32.4 36
74 75 113.74 102.37 47 42.3 47
73 75 62.64 56.38 27 24.3 27
75 76 8.2 7.38 10 9 10
45 76 25.12 22.61 16 14.4 16
76 77 13.35 12.02 15 13.5 15
77 78 11.28 10.15 12 10.8 12
78 79 10.32 9.29 12 10.8 12
78 80 8.19 7.37 9 8.1 9
79 80 36.2 32.58 10 9 10
79 81 13.92 12.53 16 14.4 16
81 82 8.7 7.83 10 9 10
80 82 13.77 12.39 17 15.3 17
81 83 10.4 9.36 13 11.7 13
82 83 38.16 34.34 18 16.2 18
83 84 30.8 27.72 10 9 10
84 85 18.6 16.74 20 18 20
85 86 3.6 3.24 4 3.6 4
85 87 29.37 26.43 33 29.7 33
87 88 11.76 10.58 14 12.6 14
87 89 11.4 10.26 12 10.8 12
89 90 6.37 5.73 7 6.3 7
67 89 58.96 53.06 67 60.3 67
65 90 62.79 56.51 69 62.1 69
88 91 8.5 7.65 10 9 10
81 91 22.1 19.89 26 23.4 26
83 91 27.26 24.53 29 26.1 29
63 92 23.24 20.92 28 25.2 28
62 92 38.25 34.43 25 22.5 25
92 93 14.28 12.85 17 15.3 17
93 94 101.43 91.29 49 44.1 49
94 95 7.2 6.48 8 7.2 8
95 96 15.3 13.77 17 15.3 17
96 97 2.76 2.48 3 2.7 3
95 98 9.1 8.19 10 9 10
96 98 34.41 30.97 37 33.3 37
98 99 27.06 24.35 33 29.7 33
93 99 36.38 32.74 17 15.3 17
93 100 8.84 7.96 4 3.6 4
65 100 23.8 21.42 28 25.2 28
100 101 15.47 13.92 17 15.3 17
101 102 36.96 33.26 42 37.8 42
90 102 22.68 20.41 27 24.3 27
101 103 18.48 16.63 21 18.9 21
103 104 5.16 4.64 6 5.4 6
104 105 13.35 12.02 15 13.5 15
105 106 65.52 58.97 28 25.2 28
106 107 50 45 25 22.5 25
105 107 77.9 70.11 38 34.2 38
107 108 88.58 79.72 103 92.7 103
106 109 7.2 6.48 8 7.2 8
109 110 5.74 5.17 7 6.3 7
109 111 62.27 56.04 13 11.7 13
106 111 27.04 24.34 13 11.7 13
111 112 6.44 5.8 4 3.6 4
102 112 69.92 62.93 46 41.4 46
112 113 10.56 9.5 12 10.8 12
113 114 33.48 30.13 36 32.4 36
114 115 8.2 7.38 10 9 10
0 115 16.38 14.74 18 16.2 18
115 116 16.72 15.05 19 17.1 19
114 116 18.2 16.38 20 18 20
1 116 68.16 61.34 16 14.4 16
116 117 46.06 41.45 49 44.1 49
116 118 20.88 18.79 24 21.6 24
118 119 21.28 19.15 14 12.6 14
113 117 47.56 42.8 58 52.2 58
90 117 28.7 25.83 35 31.5 35
117 120 15.81 14.23 17 15.3 17
119 120 13.92 12.53 16 14.4 16
120 121 7.28 6.55 8 7.2 8
86 121 24.6 22.14 15 13.5 15
121 122 13.05 11.75 15 13.5 15
122 123 26.97 24.27 29 26.1 29
119 122 28.16 25.34 32 28.8 32
122 124 27.84 25.06 32 28.8 32
3 123 55.61 50.05 67 60.3 67
123 125 9.9 8.91 11 9.9 11
125 126 13.35 12.02 15 13.5 15
126 127 17.82 16.04 22 19.8 22
2 127 36.49 32.84 41 36.9 41
127 128 20.7 18.63 23 20.7 23
126 128 19.58 17.62 11 9.9 11
125 129 32.2 28.98 35 31.5 35
125 130 101.14 91.03 26 23.4 26
130 131 4 3.6 5 4.5 5
131 132 14.35 12.91 7 6.3 7
132 133 8.5 7.65 10 9 10
132 134 17.67 15.9 19 17.1 19
133 134 11.2 10.08 14 12.6 14
133 135 49.91 44.92 31 27.9 31
135 136 24.36 21.92 29 26.1 29
135 137 4.55 4.09 5 4.5 5
130 137 40.89 36.8 47 42.3 47
124 137 38.8 34.92 20 18 20
54 139 11.76 10.58 14 12.6 14
53 139 16.92 15.23 18 16.2 18
10 26 44.5 40.05 50 45 50
57 69 9.24 8.32 11 9.9 11
