4 5 21.58 19.42 26 23.4 26
5 7 8.4 7.56 10 9 10
7 8 34.04 30.64 37 33.3 37
7 10 38.88 34.99 48 43.2 48
10 11 23.5 21.15 25 22.5 25
11 12 52.08 46.87 12 10.8 12
12 13 15.66 14.09 18 16.2 18
9 14 11.31 10.18 13 11.7 13
14 15 17.92 16.13 8 7.2 8
14 16 44.72 40.25 13 11.7 13
12 16 5.34 4.81 6 5.4 6
12 15 24.96 22.46 12 10.8 12
16 17 20 18 8 7.2 8
9 18 50.12 45.11 28 25.2 28
11 19 80.24 72.22 34 30.6 34
19 20 46.98 42.28 58 52.2 58
19 21 9.3 8.37 10 9 10
19 23 28.71 25.84 33 29.7 33
22 23 50.96 45.86 56 50.4 56
23 24 21 18.9 10 9 10
24 25 41.28 37.15 48 43.2 48
24 26 46.93 42.24 19 17.1 19
26 27 4.98 4.48 6 5.4 6
27 28 4.05 3.65 5 4.5 5
27 29 8.95 8.05 5 4.5 5
29 30 38.54 34.69 41 36.9 41
29 31 24.64 22.18 28 25.2 28
28 32 45.76 41.18 52 46.8 52
10 32 58.56 52.7 24 21.6 24
33 138 43.61 39.25 49 44.1 49
33 34 50.74 45.67 59 53.1 59
34 35 3.64 3.28 4 3.6 4
34 36 14.11 12.7 17 15.3 17
35 36 49.4 44.46 20 18 20
35 37 23.5 21.15 25 22.5 25
37 38 5.22 4.7 6 5.4 6
38 39 16.2 14.58 18 16.2 18
39 40 9.96 8.96 12 10.8 12
37 40 24.8 22.32 10 9 10
40 46 91.08 81.97 99 89.1 99
36 41 14.79 13.31 17 15.3 17
41 42 4.35 3.91 5 4.5 5
36 42 50.72 45.65 16 14.4 16
42 43 123.69 111.32 31 27.9 31
43 44 12.04 10.84 14 12.6 14
33 44 3.2 2.88 4 3.6 4
41 46 17.36 15.62 4 3.6 4
45 46 6.58 5.92 7 6.3 7
42 45 4.05 3.65 5 4.5 5
32 138 60.19 54.17 13 11.7 13
47 48 8.9 8.01 10 9 10
47 49 7.36 6.62 8 7.2 8
49 50 27 24.3 30 27 30
50 51 9.6 8.64 12 10.8 12
51 52 9.72 8.75 12 10.8 12
52 139 37.92 34.13 24 21.6 24
48 139 20.64 18.58 24 21.6 24
53 54 9.2 8.28 10 9 10
54 55 3.48 3.13 4 3.6 4
55 56 82.32 74.09 49 44.1 49
56 57 19 17.1 20 18 20
57 58 80 72 40 36 40
58 59 86.94 78.25 18 16.2 18
44 59 12.6 11.34 15 13.5 15
59 60 32.9 29.61 35 31.5 35
58 60 28.21 25.39 31 27.9 31
48 60 29.51 26.56 13 11.7 13
56 61 11.48 10.33 14 12.6 14
61 62 15.12 13.61 7 6.3 7
62 63 16.2 14.58 9 8.1 9
63 64 36.75 33.08 15 13.5 15
61 65 29.97 26.97 37 33.3 37
65 66 71.28 64.15 33 29.7 33
66 67 7.65 6.89 9 8.1 9
66 68 3.56 3.2 4 3.6 4
68 69 16.88 15.19 8 7.2 8
69 70 18.45 16.61 9 8.1 9
68 70 5.16 4.64 6 5.4 6
70 71 18.63 16.77 9 8.1 9
71 72 16.38 14.74 18 16.2 18
71 73 13.65 12.29 15 13.5 15
72 73 4.65 4.19 5 4.5 5
43 72 30.96 27.86 36 32.4 36
70 74 30.96 27.86 36 32.4 36
74 75 110.45 99.41 47 42.3 47
73 75 63.72 57.35 27 24.3 27
75 76 9 8.1 10 9 10
45 76 57.92 52.13 16 14.4 16
76 77 12.45 11.21 15 13.5 15
77 78 11.04 9.94 12 10.8 12
78 79 9.96 8.96 12 10.8 12
78 80 7.38 6.64 9 8.1 9
79 80 21.3 19.17 10 9 10
79 81 13.44 12.1 16 14.4 16
81 82 9.3 8.37 10 9 10
80 82 14.28 12.85 17 15.3 17
81 83 10.53 9.48 13 11.7 13
82 83 16.56 14.9 18 16.2 18
83 84 8.8 7.92 10 9 10
84 85 18.4 16.56 20 18 20
85 86 3.32 2.99 4 3.6 4
88 91 8.3 7.47 10 9 10
81 91 23.66 21.29 26 23.4 26
83 91 23.49 21.14 29 26.1 29
63 92 63 56.7 28 25.2 28
62 92 21.25 19.12 25 22.5 25
94 95 6.88 6.19 8 7.2 8
95 96 14.11 12.7 17 15.3 17
96 97 6.84 6.16 3 2.7 3
95 98 8.7 7.83 10 9 10
96 98 34.41 30.97 37 33.3 37
98 99 27.39 24.65 33 29.7 33
101 103 32.13 28.92 21 18.9 21
103 104 5.46 4.91 6 5.4 6
104 105 12.3 11.07 15 13.5 15
105 106 25.2 22.68 28 25.2 28
106 107 58.5 52.65 25 22.5 25
105 107 33.44 30.1 38 34.2 38
107 108 90.64 81.58 103 92.7 103
106 109 18.96 17.06 8 7.2 8
109 110 5.88 5.29 7 6.3 7
109 111 11.83 10.65 13 11.7 13
106 111 12.35 11.12 13 11.7 13
111 112 3.64 3.28 4 3.6 4
102 112 83.72 75.35 46 41.4 46
112 113 11.16 10.04 12 10.8 12
113 114 30.6 27.54 36 32.4 36
114 115 8.5 7.65 10 9 10
0 115 16.2 14.58 18 16.2 18
115 116 17.86 16.07 19 17.1 19
114 116 18 16.2 20 18 20
1 116 14.4 12.96 16 14.4 16
116 117 77.91 70.12 49 44.1 49
116 118 20.88 18.79 24 21.6 24
118 119 12.04 10.84 14 12.6 14
113 117 48.72 43.85 58 52.2 58
3 123 56.28 50.65 67 60.3 67
123 125 8.91 8.02 11 9.9 11
125 126 27.75 24.98 15 13.5 15
126 127 46.86 42.17 22 19.8 22
2 127 34.85 31.37 41 36.9 41
127 128 20.24 18.22 23 20.7 23
126 128 8.8 7.92 11 9.9 11
125 129 30.45 27.41 35 31.5 35
125 130 44.2 39.78 26 23.4 26
130 131 4.6 4.14 5 4.5 5
131 132 6.3 5.67 7 6.3 7
132 133 8.1 7.29 10 9 10
132 134 17.67 15.9 19 17.1 19
133 134 11.9 10.71 14 12.6 14
133 135 27.28 24.55 31 27.9 31
135 136 55.68 50.11 29 26.1 29
135 137 10.8 9.72 5 4.5 5
130 137 41.83 37.65 47 42.3 47
124 137 18 16.2 20 18 20
54 139 11.62 10.46 14 12.6 14
53 139 15.3 13.77 18 16.2 18
10 26 40.5 36.45 50 45 50
57 69 26.07 23.46 11 9.9 11
5 6 19.74 17.77 21 18.9 0
8 9 10.32 9.29 12 10.8 0
17 18 5.58 5.02 6 5.4 0
20 22 92.4 83.16 55 49.5 0
22 25 17.4 15.66 20 18 0
25 30 10.8 9.72 12 10.8 0
47 138 94.57 85.11 49 44.1 0
55 64 27.9 25.11 30 27 0
85 87 124.74 112.27 33 29.7 0
87 88 11.34 10.21 14 12.6 0
87 89 27.36 24.62 12 10.8 0
89 90 14 12.6 7 6.3 0
67 89 57.62 51.86 67 60.3 0
65 90 61.41 55.27 69 62.1 0
92 93 27.54 24.79 17 15.3 0
93 94 44.1 39.69 49 44.1 0
93 99 13.77 12.39 17 15.3 0
93 100 3.32 2.99 4 3.6 0
65 100 26.32 23.69 28 25.2 0
100 101 13.94 12.55 17 15.3 0
101 102 37.38 33.64 42 37.8 0
90 102 56.97 51.27 27 24.3 0
90 117 72.8 65.52 35 31.5 0
117 120 36.21 32.59 17 15.3 0
119 120 13.76 12.38 16 14.4 0
120 121 7.12 6.41 8 7.2 0
86 121 14.1 12.69 15 13.5 0
121 122 27.6 24.84 15 13.5 0
122 123 25.52 22.97 29 26.1 0
119 122 25.92 23.33 32 28.8 0
122 124 29.44 26.5 32 28.8 0
