4 5 60.06 54.05 26 23.4 26
5 6 18.27 16.44 21 18.9 21
5 7 21.1 18.99 10 9 10
7 8 29.6 26.64 37 33.3 37
8 9 10.68 9.61 12 10.8 12
7 10 43.2 38.88 48 43.2 48
10 11 56.25 50.62 25 22.5 25
11 12 23.16 20.84 12 10.8 12
12 13 32.58 29.32 18 16.2 18
9 14 28.34 25.51 13 11.7 13
14 15 6.8 6.12 8 7.2 8
14 16 24.31 21.88 13 11.7 13
12 16 9.84 8.86 6 5.4 6
12 15 11.04 9.94 12 10.8 12
16 17 7.28 6.55 8 7.2 8
17 18 4.98 4.48 6 5.4 6
9 18 25.76 23.18 28 25.2 28
11 19 30.26 27.23 34 30.6 34
19 20 53.94 48.55 58 52.2 58
19 21 8.4 7.56 10 9 10
20 22 45.1 40.59 55 49.5 55
19 23 61.38 55.24 33 29.7 33
22 23 228.48 205.63 56 50.4 56
23 24 8.9 8.01 10 9 10
24 25 94.56 85.1 48 43.2 48
22 25 36 32.4 20 18 20
24 26 17.1 15.39 19 17.1 19
26 27 5.46 4.91 6 5.4 6
27 28 15.65 14.09 5 4.5 5
27 29 4.6 4.14 5 4.5 5
29 30 86.92 78.23 41 36.9 41
25 30 11.16 10.04 12 10.8 12
29 31 25.76 23.18 28 25.2 28
28 32 46.8 42.12 52 46.8 52
10 32 22.08 19.87 24 21.6 24
33 138 40.67 36.6 49 44.1 49
33 34 48.38 43.54 59 53.1 59
34 35 3.24 2.92 4 3.6 4
34 36 14.79 13.31 17 15.3 17
35 36 17.4 15.66 20 18 20
35 37 23.5 21.15 25 22.5 25
37 38 5.64 5.08 6 5.4 6
38 39 16.38 14.74 18 16.2 18
39 40 10.2 9.18 12 10.8 12
37 40 8.8 7.92 10 9 10
40 46 152.46 137.21 99 89.1 99
36 41 52.36 47.12 17 15.3 17
41 42 4.35 3.91 5 4.5 5
36 42 13.28 11.95 16 14.4 16
42 43 25.42 22.88 31 27.9 31
43 44 11.76 10.58 14 12.6 14
33 44 3.28 2.95 4 3.6 4
41 46 7 6.3 4 3.6 4
45 46 6.58 5.92 7 6.3 7
42 45 4.45 4 5 4.5 5
32 138 10.79 9.71 13 11.7 13
47 138 41.65 37.48 49 44.1 49
47 48 8.1 7.29 10 9 10
47 49 6.88 6.19 8 7.2 8
49 50 26.4 23.76 30 27 30
50 51 9.96 8.96 12 10.8 12
51 52 11.28 10.15 12 10.8 12
52 139 54.48 49.03 24 21.6 24
48 139 78.24 70.42 24 21.6 24
53 54 38.1 34.29 10 9 10
54 55 3.2 2.88 4 3.6 4
55 56 44.59 40.13 49 44.1 49
56 57 17.4 15.66 20 18 20
57 58 33.2 29.88 40 36 40
58 59 16.56 14.9 18 16.2 18
44 59 12.75 11.47 15 13.5 15
59 60 118.65 106.79 35 31.5 35
58 60 25.42 22.88 31 27.9 31
48 60 11.31 10.18 13 11.7 13
56 61 12.32 11.09 14 12.6 14
61 62 5.88 5.29 7 6.3 7
62 63 8.46 7.61 9 8.1 9
63 64 12.3 11.07 15 13.5 15
55 64 26.1 23.49 30 27 30
61 65 31.45 28.3 37 33.3 37
65 66 27.72 24.95 33 29.7 33
66 67 14.13 12.72 9 8.1 9
66 68 9.8 8.82 4 3.6 4
68 69 7.52 6.77 8 7.2 8
69 70 8.28 7.45 9 8.1 9
68 70 5.52 4.97 6 5.4 6
70 71 7.29 6.56 9 8.1 9
71 72 15.3 13.77 18 16.2 18
71 73 13.2 11.88 15 13.5 15
72 73 4.5 4.05 5 4.5 5
43 72 29.16 26.24 36 32.4 36
70 74 32.76 29.48 36 32.4 36
74 75 42.77 38.49 47 42.3 47
73 75 23.22 20.9 27 24.3 27
75 76 9.4 8.46 10 9 10
45 76 24.16 21.74 16 14.4 16
76 77 13.8 12.42 15 13.5 15
77 78 10.08 9.07 12 10.8 12
78 79 55.56 50 12 10.8 12
78 80 15.93 14.34 9 8.1 9
79 80 8.9 8.01 10 9 10
79 81 61.44 55.3 16 14.4 16
81 82 8.8 7.92 10 9 10
80 82 34.85 31.37 17 15.3 17
81 83 11.7 10.53 13 11.7 13
82 83 27 24.3 18 16.2 18
83 84 8.3 7.47 10 9 10
84 85 18.2 16.38 20 18 20
85 86 6.44 5.8 4 3.6 4
85 87 31.35 28.22 33 29.7 33
87 88 29.12 26.21 14 12.6 14
87 89 9.6 8.64 12 10.8 12
89 90 6.02 5.42 7 6.3 7
67 89 60.97 54.87 67 60.3 67
65 90 255.99 230.39 69 62.1 69
88 91 8.2 7.38 10 9 10
81 91 23.92 21.53 26 23.4 26
83 91 24.36 21.92 29 26.1 29
63 92 51.52 46.37 28 25.2 28
62 92 21.5 19.35 25 22.5 25
92 93 13.94 12.55 17 15.3 17
93 94 42.63 38.37 49 44.1 49
94 95 26.24 23.62 8 7.2 8
95 96 13.77 12.39 17 15.3 17
96 97 2.43 2.19 3 2.7 3
95 98 37.1 33.39 10 9 10
96 98 88.43 79.59 37 33.3 37
98 99 26.73 24.06 33 29.7 33
93 99 13.77 12.39 17 15.3 17
93 100 3.64 3.28 4 3.6 4
65 100 22.68 20.41 28 25.2 28
100 101 28.73 25.86 17 15.3 17
101 102 69.72 62.75 42 37.8 42
90 102 24.57 22.11 27 24.3 27
101 103 17.85 16.07 21 18.9 21
103 104 14.76 13.28 6 5.4 6
104 105 13.05 11.75 15 13.5 15
105 106 46.2 41.58 28 25.2 28
106 107 20 18 25 22.5 25
105 107 70.68 63.61 38 34.2 38
107 108 92.7 83.43 103 92.7 103
106 109 6.72 6.05 8 7.2 8
109 110 13.65 12.29 7 6.3 7
109 111 11.96 10.76 13 11.7 13
106 111 11.31 10.18 13 11.7 13
111 112 3.28 2.95 4 3.6 4
102 112 40.02 36.02 46 41.4 46
112 113 10.56 9.5 12 10.8 12
113 114 31.32 28.19 36 32.4 36
114 115 23.7 21.33 10 9 10
0 115 61.92 55.73 18 16.2 18
115 116 16.53 14.88 19 17.1 19
114 116 16.8 15.12 20 18 20
1 116 13.44 12.1 16 14.4 16
116 117 41.16 37.04 49 44.1 49
116 118 48.72 43.85 24 21.6 24
118 119 27.72 24.95 14 12.6 14
113 117 49.3 44.37 58 52.2 58
90 117 30.45 27.41 35 31.5 35
117 120 14.79 13.31 17 15.3 17
119 120 64.96 58.46 16 14.4 16
120 121 7.28 6.55 8 7.2 8
86 121 24 21.6 15 13.5 15
121 122 12.3 11.07 15 13.5 15
122 123 47.85 43.07 29 26.1 29
119 122 27.2 24.48 32 28.8 32
122 124 29.76 26.78 32 28.8 32
3 123 62.31 56.08 67 60.3 67
123 125 9.46 8.51 11 9.9 11
125 126 65.4 58.86 15 13.5 15
126 127 20.68 18.61 22 19.8 22
2 127 36.08 32.47 41 36.9 41
127 128 21.62 19.46 23 20.7 23
126 128 9.35 8.41 11 9.9 11
125 129 33.25 29.93 35 31.5 35
125 130 60.58 54.52 26 23.4 26
130 131 10.45 9.4 5 4.5 5
131 132 11.27 10.14 7 6.3 7
132 133 24.7 22.23 10 9 10
132 134 17.67 15.9 19 17.1 19
133 134 12.88 11.59 14 12.6 14
133 135 24.8 22.32 31 27.9 31
135 136 23.78 21.4 29 26.1 29
135 137 4.25 3.83 5 4.5 5
130 137 83.66 75.29 47 42.3 47
124 137 18.8 16.92 20 18 20
54 139 25.9 23.31 14 12.6 14
53 139 28.44 25.6 18 16.2 18
10 26 47 42.3 50 45 50
57 69 9.13 8.22 11 9.9 11
