0 1 26.88 24.19 32 28.8 32
1 2 13.16 11.84 14 12.6 14
1 3 15.47 13.92 17 15.3 17
3 4 45.92 41.33 56 50.4 56
8 9 18.6 16.74 20 18 20
10 11 28.8 25.92 32 28.8 32
11 15 24.94 22.45 29 26.1 29
12 15 11.05 9.95 13 11.7 13
12 13 6.3 5.67 7 6.3 7
14 16 21.58 19.42 26 23.4 26
14 17 82.84 74.56 38 34.2 38
17 18 33.62 30.26 41 36.9 41
18 19 26.56 23.9 32 28.8 32
18 20 30.78 27.7 38 34.2 38
20 21 15.98 14.38 17 15.3 17
21 74 19.92 17.93 24 21.6 24
22 30 36.4 32.76 40 36 40
30 31 53.36 48.02 58 52.2 58
31 32 27.9 25.11 30 27 30
31 33 39.13 35.22 43 38.7 43
31 34 76.54 68.89 86 77.4 86
34 40 13.95 12.55 15 13.5 15
42 43 70.98 63.88 78 70.2 78
43 44 11.04 9.94 12 10.8 12
43 45 10.66 9.59 13 11.7 13
45 46 29.37 26.43 33 29.7 33
46 47 8.6 7.74 10 9 10
46 48 8.19 7.37 9 8.1 9
48 49 6.88 6.19 8 7.2 8
48 50 9.1 8.19 10 9 10
49 51 1.72 1.55 2 1.8 2
51 53 3.36 3.02 4 3.6 4
54 55 5.22 4.7 6 5.4 6
41 56 12.04 10.84 14 12.6 14
56 57 64.74 58.27 78 70.2 78
57 58 22.5 20.25 25 22.5 25
10 58 70.98 63.88 78 70.2 78
57 59 29.7 26.73 33 29.7 33
59 60 34.32 30.89 39 35.1 39
59 61 19.09 17.18 23 20.7 23
61 62 65.7 59.13 30 27 30
62 64 19.32 17.39 21 18.9 21
61 65 36.32 32.69 16 14.4 16
65 67 77.4 69.66 45 40.5 45
57 68 28.8 25.92 32 28.8 32
58 68 9.46 8.51 11 9.9 11
3 68 63 56.7 75 67.5 75
22 74 15.3 13.77 17 15.3 17
19 75 6.64 5.98 8 7.2 8
20 50 4.96 4.46 2 1.8 2
43 58 25.2 22.68 28 25.2 28
4 5 6.72 6.05 8 7.2 0
4 6 4.92 4.43 6 5.4 0
6 7 33.48 30.13 18 16.2 0
7 8 22.62 20.36 26 23.4 0
9 10 23.04 20.74 12 10.8 0
13 14 6.16 5.54 7 6.3 0
12 76 9.96 8.96 12 10.8 0
17 19 19.11 17.2 21 18.9 0
21 23 3.68 3.31 4 3.6 0
23 24 22.95 20.66 27 24.3 0
24 74 13.28 11.95 16 14.4 0
24 25 81.94 73.75 17 15.3 0
22 25 10.8 9.72 12 10.8 0
25 26 12.3 11.07 15 13.5 0
25 27 16.38 14.74 18 16.2 0
27 28 35.84 32.26 16 14.4 0
24 28 23.76 21.38 27 24.3 0
29 30 23.52 21.17 14 12.6 0
32 35 24.3 21.87 27 24.3 0
32 36 62.25 56.02 75 67.5 0
36 37 7.04 6.34 8 7.2 0
36 38 17.43 15.69 21 18.9 0
38 39 4.05 3.65 5 4.5 0
34 38 6.44 5.8 7 6.3 0
39 40 8.1 7.29 9 8.1 0
40 41 14.4 12.96 18 16.2 0
41 42 9.57 8.61 11 9.9 0
44 45 11.16 10.04 12 10.8 0
10 47 71.1 63.99 79 71.1 0
50 52 3.6 3.24 4 3.6 0
51 52 3.8 3.42 4 3.6 0
23 52 21.84 19.66 24 21.6 0
18 49 27.9 25.11 30 27 0
41 55 56.42 50.78 26 23.4 0
62 63 7.2 6.48 9 8.1 0
69 70 47.6 42.84 56 50.4 0
70 71 5.1 4.59 6 5.4 0
70 72 4.25 3.83 5 4.5 0
71 72 4.15 3.74 5 4.5 0
72 73 23.75 21.38 25 22.5 0
17 71 85.56 77 92 82.8 0
55 66 31.32 28.19 36 32.4 0
11 75 15.89 14.3 7 6.3 0
14 76 10.66 9.59 13 11.7 0
75 76 28.7 25.83 35 31.5 0
59 66 23.49 21.14 29 26.1 0
61 66 51.15 46.03 31 27.9 0
