0 1 28.16 25.34 32 28.8 32
1 2 26.6 23.94 14 12.6 14
1 3 15.13 13.62 17 15.3 17
3 4 49.28 44.35 56 50.4 56
4 6 4.86 4.37 6 5.4 6
6 7 14.4 12.96 18 16.2 18
7 8 24.7 22.23 26 23.4 26
8 9 16.2 14.58 20 18 20
10 11 30.08 27.07 32 28.8 32
11 15 27.26 24.53 29 26.1 29
12 15 25.35 22.82 13 11.7 13
12 13 6.3 5.67 7 6.3 7
14 16 59.8 53.82 26 23.4 26
14 17 34.58 31.12 38 34.2 38
17 18 84.87 76.38 41 36.9 41
18 19 28.16 25.34 32 28.8 32
18 20 35.72 32.15 38 34.2 38
20 21 14.79 13.31 17 15.3 17
21 74 20.64 18.58 24 21.6 24
21 23 7.76 6.98 4 3.6 4
23 24 21.87 19.68 27 24.3 27
24 74 36.32 32.69 16 14.4 16
24 25 15.13 13.62 17 15.3 17
22 25 10.08 9.07 12 10.8 12
25 26 13.95 12.55 15 13.5 15
25 27 15.66 14.09 18 16.2 18
24 28 24.57 22.11 27 24.3 27
22 30 68.8 61.92 40 36 40
30 31 272.6 245.34 58 52.2 58
31 32 27.3 24.57 30 27 30
31 33 76.54 68.89 43 38.7 43
31 34 79.12 71.21 86 77.4 86
32 35 24.3 21.87 27 24.3 27
34 40 13.8 12.42 15 13.5 15
42 43 180.18 162.16 78 70.2 78
43 44 10.56 9.5 12 10.8 12
43 45 11.57 10.41 13 11.7 13
45 46 27.06 24.35 33 29.7 33
46 47 8.5 7.65 10 9 10
46 48 17.01 15.31 9 8.1 9
48 49 19.52 17.57 8 7.2 8
48 50 8.5 7.65 10 9 10
49 51 1.64 1.48 2 1.8 2
50 52 3.28 2.95 4 3.6 4
51 52 3.48 3.13 4 3.6 4
51 53 9.52 8.57 4 3.6 4
23 52 20.88 18.79 24 21.6 24
18 49 115.8 104.22 30 27 30
54 55 13.14 11.83 6 5.4 6
41 56 12.46 11.21 14 12.6 14
56 57 74.1 66.69 78 70.2 78
57 58 41.75 37.58 25 22.5 25
10 58 65.52 58.97 78 70.2 78
57 59 63.69 57.32 33 29.7 33
59 60 90.09 81.08 39 35.1 39
59 61 19.78 17.8 23 20.7 23
61 62 26.7 24.03 30 27 30
62 63 15.93 14.34 9 8.1 9
62 64 48.51 43.66 21 18.9 21
61 65 13.44 12.1 16 14.4 16
65 67 42.3 38.07 45 40.5 45
57 68 29.12 26.21 32 28.8 32
58 68 9.9 8.91 11 9.9 11
3 68 117.75 105.98 75 67.5 75
70 72 9.35 8.41 5 4.5 5
71 72 4.3 3.87 5 4.5 5
72 73 47.25 42.52 25 22.5 25
17 71 79.12 71.21 92 82.8 92
22 74 13.6 12.24 17 15.3 17
19 75 13.44 12.1 8 7.2 8
20 50 1.66 1.49 2 1.8 2
43 58 26.32 23.69 28 25.2 28
4 5 12.88 11.59 8 7.2 0
9 10 10.08 9.07 12 10.8 0
13 14 6.02 5.42 7 6.3 0
12 76 10.92 9.83 12 10.8 0
17 19 52.29 47.06 21 18.9 0
27 28 12.96 11.66 16 14.4 0
29 30 50.54 45.49 14 12.6 0
32 36 67.5 60.75 75 67.5 0
36 37 6.64 5.98 8 7.2 0
36 38 78.54 70.69 21 18.9 0
38 39 8.25 7.42 5 4.5 0
34 38 6.09 5.48 7 6.3 0
39 40 8.55 7.7 9 8.1 0
40 41 16.38 14.74 18 16.2 0
41 42 26.4 23.76 11 9.9 0
44 45 11.28 10.15 12 10.8 0
10 47 72.68 65.41 79 71.1 0
41 55 110.76 99.68 26 23.4 0
69 70 52.08 46.87 56 50.4 0
70 71 14.16 12.74 6 5.4 0
55 66 28.8 25.92 36 32.4 0
11 75 6.3 5.67 7 6.3 0
14 76 21.71 19.54 13 11.7 0
75 76 64.05 57.64 35 31.5 0
59 66 26.68 24.01 29 26.1 0
61 66 66.96 60.26 31 27.9 0
