0 1 28.8 25.92 32 28.8 32
1 2 13.02 11.72 14 12.6 14
1 3 13.94 12.55 17 15.3 17
3 4 52.64 47.38 56 50.4 56
4 6 4.92 4.43 6 5.4 6
6 7 14.58 13.12 18 16.2 18
7 8 23.92 21.53 26 23.4 26
8 9 18.8 16.92 20 18 20
10 11 30.08 27.07 32 28.8 32
11 15 61.48 55.33 29 26.1 29
12 15 10.66 9.59 13 11.7 13
12 13 6.16 5.54 7 6.3 7
14 16 24.18 21.76 26 23.4 26
14 17 62.7 56.43 38 34.2 38
17 18 35.26 31.73 41 36.9 41
18 19 56.96 51.26 32 28.8 32
18 20 74.86 67.37 38 34.2 38
20 21 37.23 33.51 17 15.3 17
21 74 19.68 17.71 24 21.6 24
21 23 3.48 3.13 4 3.6 4
23 24 23.49 21.14 27 24.3 27
24 74 13.12 11.81 16 14.4 16
24 25 15.64 14.08 17 15.3 17
22 25 10.92 9.83 12 10.8 12
25 26 12.6 11.34 15 13.5 15
25 27 16.92 15.23 18 16.2 18
24 28 46.98 42.28 27 24.3 27
22 30 35.2 31.68 40 36 40
30 31 52.78 47.5 58 52.2 58
31 32 25.2 22.68 30 27 30
31 33 37.41 33.67 43 38.7 43
31 34 70.52 63.47 86 77.4 86
32 35 22.68 20.41 27 24.3 27
34 40 12.3 11.07 15 13.5 15
42 43 319.8 287.82 78 70.2 78
43 44 23.88 21.49 12 10.8 12
43 45 10.66 9.59 13 11.7 13
45 46 28.05 25.25 33 29.7 33
46 47 43.9 39.51 10 9 10
46 48 21.42 19.28 9 8.1 9
48 49 6.48 5.83 8 7.2 8
48 50 8.8 7.92 10 9 10
49 51 1.82 1.64 2 1.8 2
50 52 8.32 7.49 4 3.6 4
51 52 7.56 6.8 4 3.6 4
51 53 3.44 3.1 4 3.6 4
23 52 21.84 19.66 24 21.6 24
18 49 70.5 63.45 30 27 30
54 55 4.98 4.48 6 5.4 6
41 56 21.98 19.78 14 12.6 14
56 57 69.42 62.48 78 70.2 78
57 58 21.25 19.12 25 22.5 25
10 58 68.64 61.78 78 70.2 78
57 59 29.04 26.14 33 29.7 33
59 60 34.32 30.89 39 35.1 39
59 61 47.84 43.06 23 20.7 23
61 62 26.4 23.76 30 27 30
62 63 8.37 7.53 9 8.1 9
62 64 19.11 17.2 21 18.9 21
61 65 14.56 13.1 16 14.4 16
65 67 38.25 34.43 45 40.5 45
57 68 56.32 50.69 32 28.8 32
58 68 9.9 8.91 11 9.9 11
3 68 62.25 56.02 75 67.5 75
70 72 4.35 3.91 5 4.5 5
71 72 4.2 3.78 5 4.5 5
72 73 22.5 20.25 25 22.5 25
17 71 84.64 76.18 92 82.8 92
22 74 35.36 31.82 17 15.3 17
19 75 6.8 6.12 8 7.2 8
20 50 1.62 1.46 2 1.8 2
43 58 23.8 21.42 28 25.2 28
4 5 7.28 6.55 8 7.2 0
9 10 10.68 9.61 12 10.8 0
13 14 15.47 13.92 7 6.3 0
12 76 10.68 9.61 12 10.8 0
17 19 19.32 17.39 21 18.9 0
27 28 14.88 13.39 16 14.4 0
29 30 11.76 10.58 14 12.6 0
32 36 61.5 55.35 75 67.5 0
36 37 7.52 6.77 8 7.2 0
36 38 45.15 40.63 21 18.9 0
38 39 7.55 6.79 5 4.5 0
34 38 5.74 5.17 7 6.3 0
39 40 8.19 7.37 9 8.1 0
40 41 16.74 15.07 18 16.2 0
41 42 10.01 9.01 11 9.9 0
44 45 11.04 9.94 12 10.8 0
10 47 63.99 57.59 79 71.1 0
41 55 22.88 20.59 26 23.4 0
69 70 103.6 93.24 56 50.4 0
70 71 13.2 11.88 6 5.4 0
55 66 30.6 27.54 36 32.4 0
11 75 6.44 5.8 7 6.3 0
14 76 12.09 10.88 13 11.7 0
75 76 29.05 26.14 35 31.5 0
59 66 24.94 22.45 29 26.1 0
61 66 25.11 22.6 31 27.9 0
