0 1 77.76 69.98 32 28.8 32
1 2 12.88 11.59 14 12.6 14
1 3 13.94 12.55 17 15.3 17
3 4 48.72 43.85 56 50.4 56
4 6 4.86 4.37 6 5.4 6
6 7 32.76 29.48 18 16.2 18
7 8 21.84 19.66 26 23.4 26
8 9 17.4 15.66 20 18 20
10 11 30.08 27.07 32 28.8 32
11 15 60.32 54.29 29 26.1 29
12 15 11.57 10.41 13 11.7 13
12 13 5.6 5.04 7 6.3 7
14 16 24.18 21.76 26 23.4 26
14 17 34.2 30.78 38 34.2 38
17 18 67.24 60.52 41 36.9 41
18 19 28.16 25.34 32 28.8 32
18 20 32.68 29.41 38 34.2 38
20 21 16.15 14.53 17 15.3 17
21 74 22.32 20.09 24 21.6 24
21 23 3.24 2.92 4 3.6 4
23 24 49.68 44.71 27 24.3 27
24 74 40 36 16 14.4 16
24 25 15.64 14.08 17 15.3 17
22 25 11.16 10.04 12 10.8 12
25 26 29.85 26.87 15 13.5 15
25 27 15.48 13.93 18 16.2 18
24 28 22.68 20.41 27 24.3 27
22 30 76 68.4 40 36 40
30 31 228.52 205.67 58 52.2 58
31 32 25.5 22.95 30 27 30
31 33 38.7 34.83 43 38.7 43
31 34 143.62 129.26 86 77.4 86
32 35 22.14 19.93 27 24.3 27
34 40 13.2 11.88 15 13.5 15
42 43 341.64 307.48 78 70.2 78
43 44 10.92 9.83 12 10.8 12
43 45 47.84 43.06 13 11.7 13
45 46 27.39 24.65 33 29.7 33
46 47 8.7 7.83 10 9 10
46 48 7.56 6.8 9 8.1 9
48 49 6.56 5.9 8 7.2 8
48 50 20.1 18.09 10 9 10
49 51 1.66 1.49 2 1.8 2
50 52 3.52 3.17 4 3.6 4
51 52 18.56 16.7 4 3.6 4
51 53 3.36 3.02 4 3.6 4
23 52 19.44 17.5 24 21.6 24
18 49 27.3 24.57 30 27 30
54 55 11.94 10.75 6 5.4 6
41 56 30.66 27.59 14 12.6 14
56 57 70.2 63.18 78 70.2 78
57 58 20 18 25 22.5 25
10 58 63.18 56.86 78 70.2 78
57 59 29.37 26.43 33 29.7 33
59 60 35.1 31.59 39 35.1 39
59 61 18.63 16.77 23 20.7 23
61 62 24 21.6 30 27 30
62 63 8.19 7.37 9 8.1 9
62 64 42.63 38.37 21 18.9 21
61 65 15.04 13.54 16 14.4 16
65 67 39.15 35.23 45 40.5 45
57 68 61.44 55.3 32 28.8 32
58 68 9.9 8.91 11 9.9 11
3 68 62.25 56.02 75 67.5 75
70 72 9.25 8.33 5 4.5 5
71 72 4.45 4 5 4.5 5
72 73 21.5 19.35 25 22.5 25
17 71 83.72 75.35 92 82.8 92
22 74 36.72 33.05 17 15.3 17
19 75 17.2 15.48 8 7.2 8
20 50 3.36 3.02 2 1.8 2
43 58 44.52 40.07 28 25.2 28
4 5 6.96 6.26 8 7.2 0
9 10 21.6 19.44 12 10.8 0
13 14 6.51 5.86 7 6.3 0
12 76 10.32 9.29 12 10.8 0
17 19 17.43 15.69 21 18.9 0
27 28 70.88 63.79 16 14.4 0
29 30 22.54 20.29 14 12.6 0
32 36 66.75 60.08 75 67.5 0
36 37 6.56 5.9 8 7.2 0
36 38 18.69 16.82 21 18.9 0
38 39 4.5 4.05 5 4.5 0
34 38 5.88 5.29 7 6.3 0
39 40 15.93 14.34 9 8.1 0
40 41 15.66 14.09 18 16.2 0
41 42 23.54 21.19 11 9.9 0
44 45 11.16 10.04 12 10.8 0
10 47 74.26 66.83 79 71.1 0
41 55 57.72 51.95 26 23.4 0
69 70 46.48 41.83 56 50.4 0
70 71 14.46 13.01 6 5.4 0
55 66 161.28 145.15 36 32.4 0
11 75 5.81 5.23 7 6.3 0
14 76 27.82 25.04 13 11.7 0
75 76 81.55 73.39 35 31.5 0
59 66 24.36 21.92 29 26.1 0
61 66 25.73 23.16 31 27.9 0
