0 1 29.76 26.78 32 28.8 32
1 2 24.64 22.18 14 12.6 14
1 3 13.94 12.55 17 15.3 17
3 4 47.6 42.84 56 50.4 56
4 5 17.2 15.48 8 7.2 8
4 6 26.04 23.44 6 5.4 6
6 7 16.02 14.42 18 16.2 18
7 8 54.34 48.91 26 23.4 26
8 9 48.4 43.56 20 18 20
10 11 26.56 23.9 32 28.8 32
11 15 24.36 21.92 29 26.1 29
12 15 10.53 9.48 13 11.7 13
12 13 17.15 15.43 7 6.3 7
12 76 18.96 17.06 12 10.8 12
14 16 20.8 18.72 26 23.4 26
14 17 34.2 30.78 38 34.2 38
17 18 35.67 32.1 41 36.9 41
18 19 75.52 67.97 32 28.8 32
17 19 38.43 34.59 21 18.9 21
18 20 31.54 28.39 38 34.2 38
20 21 15.13 13.62 17 15.3 17
21 74 19.44 17.5 24 21.6 24
21 23 16.96 15.26 4 3.6 4
23 24 23.49 21.14 27 24.3 27
24 74 14.72 13.25 16 14.4 16
24 25 13.77 12.39 17 15.3 17
22 25 9.96 8.96 12 10.8 12
25 26 12.75 11.47 15 13.5 15
25 27 71.82 64.64 18 16.2 18
27 28 53.92 48.53 16 14.4 16
24 28 22.41 20.17 27 24.3 27
29 30 11.48 10.33 14 12.6 14
22 30 34.8 31.32 40 36 40
30 31 50.46 45.41 58 52.2 58
31 32 27.9 25.11 30 27 30
31 33 35.26 31.73 43 38.7 43
31 34 74.82 67.34 86 77.4 86
32 35 25.38 22.84 27 24.3 27
32 36 62.25 56.02 75 67.5 75
36 37 6.72 6.05 8 7.2 8
36 38 39.48 35.53 21 18.9 21
38 39 24 21.6 5 4.5 5
34 38 5.74 5.17 7 6.3 7
34 40 31.05 27.95 15 13.5 15
42 43 66.3 59.67 78 70.2 78
43 44 10.08 9.07 12 10.8 12
44 45 10.56 9.5 12 10.8 12
43 45 11.96 10.76 13 11.7 13
45 46 31.02 27.92 33 29.7 33
46 47 8.7 7.83 10 9 10
46 48 8.37 7.53 9 8.1 9
48 49 6.88 6.19 8 7.2 8
48 50 8.2 7.38 10 9 10
49 51 1.64 1.48 2 1.8 2
50 52 3.6 3.24 4 3.6 4
51 52 3.64 3.28 4 3.6 4
51 53 12.4 11.16 4 3.6 4
23 52 21.12 19.01 24 21.6 24
18 49 24.9 22.41 30 27 30
54 55 5.34 4.81 6 5.4 6
41 56 13.02 11.72 14 12.6 14
56 57 177.06 159.35 78 70.2 78
57 58 49.75 44.77 25 22.5 25
10 58 184.08 165.67 78 70.2 78
57 59 27.72 24.95 33 29.7 33
59 60 134.94 121.45 39 35.1 39
59 61 18.86 16.97 23 20.7 23
61 62 27.3 24.57 30 27 30
62 63 14.67 13.2 9 8.1 9
62 64 46.62 41.96 21 18.9 21
61 65 14.08 12.67 16 14.4 16
65 67 73.35 66.02 45 40.5 45
57 68 29.76 26.78 32 28.8 32
58 68 10.23 9.21 11 9.9 11
3 68 63.75 57.38 75 67.5 75
69 70 45.36 40.82 56 50.4 56
70 71 5.28 4.75 6 5.4 6
70 72 4.1 3.69 5 4.5 5
71 72 4.45 4 5 4.5 5
72 73 53 47.7 25 22.5 25
17 71 81.88 73.69 92 82.8 92
22 74 39.78 35.8 17 15.3 17
19 75 7.36 6.62 8 7.2 8
14 76 27.3 24.57 13 11.7 13
75 76 32.9 29.61 35 31.5 35
20 50 1.66 1.49 2 1.8 2
43 58 68.04 61.24 28 25.2 28
9 10 10.2 9.18 12 10.8 0
13 14 6.37 5.73 7 6.3 0
39 40 7.83 7.05 9 8.1 0
40 41 15.48 13.93 18 16.2 0
41 42 9.02 8.12 11 9.9 0
10 47 69.52 62.57 79 71.1 0
41 55 57.46 51.71 26 23.4 0
55 66 29.88 26.89 36 32.4 0
11 75 6.44 5.8 7 6.3 0
59 66 26.97 24.27 29 26.1 0
61 66 26.97 24.27 31 27.9 0
