0 1 62.08 55.87 32 28.8 32
1 2 11.76 10.58 14 12.6 14
1 3 15.47 13.92 17 15.3 17
3 4 48.16 43.34 56 50.4 56
4 5 7.12 6.41 8 7.2 8
4 6 5.16 4.64 6 5.4 6
6 7 15.66 14.09 18 16.2 18
7 8 22.36 20.12 26 23.4 26
8 9 16.4 14.76 20 18 20
10 11 111.36 100.22 32 28.8 32
11 15 23.49 21.14 29 26.1 29
12 15 11.57 10.41 13 11.7 13
12 13 6.51 5.86 7 6.3 7
12 76 10.08 9.07 12 10.8 12
14 16 62.4 56.16 26 23.4 26
14 17 77.14 69.43 38 34.2 38
17 18 79.54 71.59 41 36.9 41
18 19 75.2 67.68 32 28.8 32
17 19 18.06 16.25 21 18.9 21
18 20 32.3 29.07 38 34.2 38
20 21 15.3 13.77 17 15.3 17
21 74 55.92 50.33 24 21.6 24
21 23 8.52 7.67 4 3.6 4
23 24 21.6 19.44 27 24.3 27
24 74 14.88 13.39 16 14.4 16
24 25 14.11 12.7 17 15.3 17
22 25 10.92 9.83 12 10.8 12
25 26 12.45 11.21 15 13.5 15
25 27 16.2 14.58 18 16.2 18
27 28 15.2 13.68 16 14.4 16
24 28 25.65 23.09 27 24.3 27
29 30 21.56 19.4 14 12.6 14
22 30 34 30.6 40 36 40
30 31 50.46 45.41 58 52.2 58
31 32 73.8 66.42 30 27 30
31 33 38.7 34.83 43 38.7 43
31 34 68.8 61.92 86 77.4 86
32 35 22.95 20.66 27 24.3 27
32 36 62.25 56.02 75 67.5 75
36 37 7.6 6.84 8 7.2 8
36 38 17.01 15.31 21 18.9 21
38 39 4.35 3.91 5 4.5 5
34 38 6.51 5.86 7 6.3 7
34 40 29.85 26.87 15 13.5 15
42 43 67.86 61.07 78 70.2 78
43 44 11.04 9.94 12 10.8 12
44 45 25.56 23 12 10.8 12
43 45 11.18 10.06 13 11.7 13
45 46 81.84 73.66 33 29.7 33
46 47 9.4 8.46 10 9 10
46 48 20.88 18.79 9 8.1 9
48 49 14.16 12.74 8 7.2 8
48 50 9.1 8.19 10 9 10
49 51 4.24 3.82 2 1.8 2
50 52 3.44 3.1 4 3.6 4
51 52 3.32 2.99 4 3.6 4
51 53 3.72 3.35 4 3.6 4
23 52 36.48 32.83 24 21.6 24
18 49 25.2 22.68 30 27 30
54 55 5.22 4.7 6 5.4 6
41 56 12.88 11.59 14 12.6 14
56 57 67.86 61.07 78 70.2 78
57 58 22.25 20.03 25 22.5 25
10 58 73.32 65.99 78 70.2 78
57 59 27.39 24.65 33 29.7 33
59 60 81.51 73.36 39 35.1 39
59 61 55.2 49.68 23 20.7 23
61 62 26.1 23.49 30 27 30
62 63 8.28 7.45 9 8.1 9
62 64 18.27 16.44 21 18.9 21
61 65 30.4 27.36 16 14.4 16
65 67 42.3 38.07 45 40.5 45
57 68 28.16 25.34 32 28.8 32
58 68 9.35 8.41 11 9.9 11
3 68 71.25 64.12 75 67.5 75
69 70 52.08 46.87 56 50.4 56
70 71 9.96 8.96 6 5.4 6
70 72 4.7 4.23 5 4.5 5
71 72 4.55 4.09 5 4.5 5
72 73 59.5 53.55 25 22.5 25
17 71 86.48 77.83 92 82.8 92
22 74 14.28 12.85 17 15.3 17
19 75 14.72 13.25 8 7.2 8
14 76 10.92 9.83 13 11.7 13
75 76 31.85 28.67 35 31.5 35
20 50 3.56 3.2 2 1.8 2
43 58 22.4 20.16 28 25.2 28
9 10 10.44 9.4 12 10.8 0
13 14 5.81 5.23 7 6.3 0
39 40 7.2 6.48 9 8.1 0
40 41 14.58 13.12 18 16.2 0
41 42 9.02 8.12 11 9.9 0
10 47 71.89 64.7 79 71.1 0
41 55 21.32 19.19 26 23.4 0
55 66 72.36 65.12 36 32.4 0
11 75 6.3 5.67 7 6.3 0
59 66 24.94 22.45 29 26.1 0
61 66 25.42 22.88 31 27.9 0
