0 1 29.76 26.78 32 28.8 32
1 2 13.16 11.84 14 12.6 14
1 3 38.42 34.58 17 15.3 17
3 4 45.36 40.82 56 50.4 56
4 5 6.8 6.12 8 7.2 8
4 6 5.7 5.13 6 5.4 6
6 7 34.02 30.62 18 16.2 18
7 8 22.1 19.89 26 23.4 26
8 9 96.8 87.12 20 18 20
10 11 78.08 70.27 32 28.8 32
11 15 143.84 129.46 29 26.1 29
12 15 10.53 9.48 13 11.7 13
12 13 5.67 5.1 7 6.3 7
12 76 10.68 9.61 12 10.8 12
14 16 90.48 81.43 26 23.4 26
14 17 132.24 119.02 38 34.2 38
17 18 85.69 77.12 41 36.9 41
18 19 28.48 25.63 32 28.8 32
17 19 17.01 15.31 21 18.9 21
18 20 31.92 28.73 38 34.2 38
20 21 13.77 12.39 17 15.3 17
21 74 21.6 19.44 24 21.6 24
21 23 3.32 2.99 4 3.6 4
23 24 21.6 19.44 27 24.3 27
24 74 14.4 12.96 16 14.4 16
24 25 15.3 13.77 17 15.3 17
22 25 28.68 25.81 12 10.8 12
25 26 13.95 12.55 15 13.5 15
25 27 16.56 14.9 18 16.2 18
27 28 32.48 29.23 16 14.4 16
24 28 24.57 22.11 27 24.3 27
29 30 24.78 22.3 14 12.6 14
22 30 35.6 32.04 40 36 40
30 31 53.36 48.02 58 52.2 58
31 32 26.1 23.49 30 27 30
31 33 39.13 35.22 43 38.7 43
31 34 183.18 164.86 86 77.4 86
32 35 22.14 19.93 27 24.3 27
32 36 186.75 168.08 75 67.5 75
36 37 24.4 21.96 8 7.2 8
36 38 17.64 15.88 21 18.9 21
38 39 4.1 3.69 5 4.5 5
34 38 6.02 5.42 7 6.3 7
34 40 28.35 25.52 15 13.5 15
42 43 120.12 108.11 78 70.2 78
43 44 10.68 9.61 12 10.8 12
44 45 11.16 10.04 12 10.8 12
43 45 28.34 25.51 13 11.7 13
45 46 28.38 25.54 33 29.7 33
46 47 8.4 7.56 10 9 10
46 48 8.1 7.29 9 8.1 9
48 49 26.72 24.05 8 7.2 8
48 50 8.7 7.83 10 9 10
49 51 4.54 4.09 2 1.8 2
50 52 7.76 6.98 4 3.6 4
51 52 8.28 7.45 4 3.6 4
51 53 9.44 8.5 4 3.6 4
23 52 20.4 18.36 24 21.6 24
18 49 27.6 24.84 30 27 30
54 55 5.58 5.02 6 5.4 6
41 56 30.38 27.34 14 12.6 14
56 57 192.66 173.39 78 70.2 78
57 58 122.25 110.03 25 22.5 25
10 58 65.52 58.97 78 70.2 78
57 59 57.42 51.68 33 29.7 33
59 60 36.27 32.64 39 35.1 39
59 61 21.39 19.25 23 20.7 23
61 62 52.8 47.52 30 27 30
62 63 8.01 7.21 9 8.1 9
62 64 18.69 16.82 21 18.9 21
61 65 25.76 23.18 16 14.4 16
65 67 76.95 69.26 45 40.5 45
57 68 26.56 23.9 32 28.8 32
58 68 9.02 8.12 11 9.9 11
3 68 136.5 122.85 75 67.5 75
69 70 52.64 47.38 56 50.4 56
70 71 5.34 4.81 6 5.4 6
70 72 4.15 3.74 5 4.5 5
71 72 4.2 3.78 5 4.5 5
72 73 22.75 20.48 25 22.5 25
17 71 76.36 68.72 92 82.8 92
22 74 13.77 12.39 17 15.3 17
19 75 7.04 6.34 8 7.2 8
14 76 11.18 10.06 13 11.7 13
75 76 29.05 26.14 35 31.5 35
20 50 3.92 3.53 2 1.8 2
43 58 60.2 54.18 28 25.2 28
9 10 10.2 9.18 12 10.8 0
13 14 6.09 5.48 7 6.3 0
39 40 34.2 30.78 9 8.1 0
40 41 35.82 32.24 18 16.2 0
41 42 10.01 9.01 11 9.9 0
10 47 66.36 59.72 79 71.1 0
41 55 24.44 22 26 23.4 0
55 66 34.2 30.78 36 32.4 0
11 75 13.51 12.16 7 6.3 0
59 66 60.32 54.29 29 26.1 0
61 66 49.6 44.64 31 27.9 0
