4 5 21.06 14.74 26 18.2 26
5 7 8.7 6.09 10 7 10
7 8 34.04 23.83 37 25.9 37
7 10 103.68 72.58 48 33.6 48
10 11 56.25 39.38 25 17.5 25
11 12 10.32 7.22 12 8.4 12
12 13 47.34 33.14 18 12.6 18
12 15 89.4 62.58 12 8.4 12
9 18 78.12 54.68 28 19.6 28
11 19 30.6 21.42 34 23.8 34
19 20 46.4 32.48 58 40.6 58
19 21 8.7 6.09 10 7 10
19 23 26.73 18.71 33 23.1 33
22 23 45.36 31.75 56 39.2 56
23 24 23.4 16.38 10 7 10
24 25 114.72 80.3 48 33.6 48
24 26 15.58 10.91 19 13.3 19
26 27 4.98 3.49 6 4.2 6
27 28 4.6 3.22 5 3.5 5
27 29 4.05 2.83 5 3.5 5
29 30 36.9 25.83 41 28.7 41
29 31 63 44.1 28 19.6 28
28 32 44.2 30.94 52 36.4 52
10 32 135.36 94.75 24 16.8 24
33 138 41.16 28.81 49 34.3 49
33 34 53.69 37.58 59 41.3 59
34 35 8.72 6.1 4 2.8 4
34 36 45.73 32.01 17 11.9 17
35 36 51.4 35.98 20 14 20
35 37 20.5 14.35 25 17.5 25
37 38 4.8 3.36 6 4.2 6
38 39 14.76 10.33 18 12.6 18
39 40 24.72 17.3 12 8.4 12
37 40 9.4 6.58 10 7 10
40 46 88.11 61.68 99 69.3 99
36 41 14.45 10.11 17 11.9 17
41 42 4.2 2.94 5 3.5 5
36 42 14.72 10.3 16 11.2 16
42 43 28.83 20.18 31 21.7 31
43 44 11.9 8.33 14 9.8 14
33 44 3.28 2.3 4 2.8 4
41 46 10.28 7.2 4 2.8 4
45 46 6.23 4.36 7 4.9 7
42 45 4.15 2.91 5 3.5 5
32 138 26.39 18.47 13 9.1 13
47 48 8.8 6.16 10 7 10
47 49 6.88 4.82 8 5.6 8
49 50 63 44.1 30 21 30
51 52 87.84 61.49 12 8.4 12
52 139 21.36 14.95 24 16.8 24
48 139 21.6 15.12 24 16.8 24
53 54 9.2 6.44 10 7 10
54 55 3.56 2.49 4 2.8 4
55 56 43.12 30.18 49 34.3 49
56 57 17 11.9 20 14 20
57 58 36 25.2 40 28 40
58 59 16.74 11.72 18 12.6 18
44 59 12.3 8.61 15 10.5 15
59 60 30.45 21.31 35 24.5 35
58 60 230.95 161.66 31 21.7 31
48 60 10.66 7.46 13 9.1 13
56 61 41.86 29.3 14 9.8 14
61 62 6.23 4.36 7 4.9 7
62 63 21.87 15.31 9 6.3 9
63 64 117.75 82.42 15 10.5 15
61 65 29.97 20.98 37 25.9 37
65 66 31.02 21.71 33 23.1 33
66 67 8.46 5.92 9 6.3 9
66 68 3.44 2.41 4 2.8 4
68 69 7.12 4.98 8 5.6 8
69 70 7.92 5.54 9 6.3 9
68 70 5.1 3.57 6 4.2 6
70 71 7.2 5.04 9 6.3 9
71 72 16.92 11.84 18 12.6 18
71 73 13.8 9.66 15 10.5 15
72 73 4 2.8 5 3.5 5
43 72 28.8 20.16 36 25.2 36
74 75 37.6 26.32 47 32.9 47
73 75 54.54 38.18 27 18.9 27
75 76 29 20.3 10 7 10
45 76 13.76 9.63 16 11.2 16
76 77 13.95 9.76 15 10.5 15
77 78 10.32 7.22 12 8.4 12
78 79 32.52 22.76 12 8.4 12
78 80 22.41 15.69 9 6.3 9
79 80 8 5.6 10 7 10
79 81 34.88 24.42 16 11.2 16
81 82 8.3 5.81 10 7 10
80 82 15.64 10.95 17 11.9 17
81 83 11.18 7.83 13 9.1 13
82 83 16.2 11.34 18 12.6 18
83 84 8.1 5.67 10 7 10
84 85 18 12.6 20 14 20
85 86 3.76 2.63 4 2.8 4
88 91 9.3 6.51 10 7 10
81 91 71.5 50.05 26 18.2 26
63 92 154.28 108 28 19.6 28
62 92 20.5 14.35 25 17.5 25
94 95 7.36 5.15 8 5.6 8
95 96 14.45 10.11 17 11.9 17
96 97 2.64 1.85 3 2.1 3
95 98 9.3 6.51 10 7 10
96 98 29.97 20.98 37 25.9 37
98 99 83.49 58.44 33 23.1 33
101 103 18.06 12.64 21 14.7 21
103 104 4.92 3.44 6 4.2 6
104 105 12.45 8.71 15 10.5 15
105 106 80.08 56.06 28 19.6 28
106 107 23.5 16.45 25 17.5 25
105 107 94.24 65.97 38 26.6 38
107 108 94.76 66.33 103 72.1 103
106 109 6.72 4.7 8 5.6 8
109 110 5.88 4.12 7 4.9 7
109 111 12.22 8.55 13 9.1 13
106 111 10.4 7.28 13 9.1 13
111 112 3.6 2.52 4 2.8 4
102 112 41.86 29.3 46 32.2 46
112 113 11.04 7.73 12 8.4 12
0 115 42.48 29.74 18 12.6 18
115 116 15.39 10.77 19 13.3 19
1 116 42.24 29.57 16 11.2 16
116 117 41.16 28.81 49 34.3 49
116 118 20.16 14.11 24 16.8 24
113 117 48.14 33.7 58 40.6 58
3 123 62.31 43.62 67 46.9 67
123 125 9.68 6.78 11 7.7 11
125 126 41.85 29.29 15 10.5 15
126 127 20.9 14.63 22 15.4 22
2 127 109.47 76.63 41 28.7 41
127 128 67.62 47.33 23 16.1 23
126 128 9.57 6.7 11 7.7 11
125 129 32.9 23.03 35 24.5 35
125 130 58.76 41.13 26 18.2 26
130 131 11.75 8.22 5 3.5 5
131 132 6.44 4.51 7 4.9 7
132 133 8.7 6.09 10 7 10
132 134 48.83 34.18 19 13.3 19
133 134 39.76 27.83 14 9.8 14
133 135 62.93 44.05 31 21.7 31
135 136 77.43 54.2 29 20.3 29
135 137 4.5 3.15 5 3.5 5
130 137 39.01 27.31 47 32.9 47
124 137 17.4 12.18 20 14 20
54 139 92.12 64.48 14 9.8 14
53 139 46.26 32.38 18 12.6 18
10 26 45.5 31.85 50 35 50
57 69 10.23 7.16 11 7.7 11
5 6 17.01 11.91 21 14.7 0
8 9 11.28 7.9 12 8.4 0
9 14 28.21 19.75 13 9.1 0
14 15 6.88 4.82 8 5.6 0
14 16 10.79 7.55 13 9.1 0
12 16 5.16 3.61 6 4.2 0
16 17 6.96 4.87 8 5.6 0
17 18 5.58 3.91 6 4.2 0
20 22 44 30.8 55 38.5 0
22 25 18.6 13.02 20 14 0
25 30 11.04 7.73 12 8.4 0
47 138 139.65 97.75 49 34.3 0
50 51 10.8 7.56 12 8.4 0
55 64 26.7 18.69 30 21 0
70 74 29.52 20.66 36 25.2 0
85 87 27.06 18.94 33 23.1 0
87 88 12.88 9.02 14 9.8 0
87 89 10.92 7.64 12 8.4 0
89 90 6.51 4.56 7 4.9 0
67 89 62.31 43.62 67 46.9 0
65 90 63.48 44.44 69 48.3 0
83 91 67.57 47.3 29 20.3 0
92 93 14.28 10 17 11.9 0
93 94 44.59 31.21 49 34.3 0
93 99 14.45 10.11 17 11.9 0
93 100 3.68 2.58 4 2.8 0
65 100 77.56 54.29 28 19.6 0
100 101 14.11 9.88 17 11.9 0
101 102 91.56 64.09 42 29.4 0
90 102 81 56.7 27 18.9 0
113 114 90 63 36 25.2 0
114 115 75.5 52.85 10 7 0
114 116 45.8 32.06 20 14 0
118 119 11.62 8.13 14 9.8 0
90 117 29.05 20.34 35 24.5 0
117 120 14.79 10.35 17 11.9 0
119 120 13.6 9.52 16 11.2 0
120 121 7.28 5.1 8 5.6 0
86 121 84.6 59.22 15 10.5 0
121 122 13.05 9.13 15 10.5 0
122 123 78.01 54.61 29 20.3 0
119 122 252.8 176.96 32 22.4 0
122 124 27.52 19.26 32 22.4 0
