4 5 24.7 17.29 26 18.2 26
5 7 8.7 6.09 10 7 10
7 8 31.45 22.01 37 25.9 37
7 10 45.6 31.92 48 33.6 48
10 11 20.25 14.17 25 17.5 25
11 12 24.96 17.47 12 8.4 12
12 13 16.38 11.47 18 12.6 18
12 15 10.92 7.64 12 8.4 12
9 18 190.96 133.67 28 19.6 28
11 19 27.54 19.28 34 23.8 34
19 20 332.92 233.04 58 40.6 58
19 21 8.2 5.74 10 7 10
19 23 30.69 21.48 33 23.1 33
22 23 389.76 272.83 56 39.2 56
23 24 8.9 6.23 10 7 10
24 25 45.6 31.92 48 33.6 48
24 26 17.1 11.97 19 13.3 19
26 27 5.28 3.7 6 4.2 6
27 28 36.95 25.87 5 3.5 5
27 29 11.2 7.84 5 3.5 5
29 30 100.45 70.31 41 28.7 41
29 31 22.4 15.68 28 19.6 28
28 32 44.72 31.3 52 36.4 52
10 32 57.12 39.98 24 16.8 24
33 138 46.55 32.58 49 34.3 49
33 34 339.25 237.47 59 41.3 59
34 35 10.36 7.25 4 2.8 4
34 36 15.13 10.59 17 11.9 17
35 36 16.8 11.76 20 14 20
35 37 23.25 16.27 25 17.5 25
37 38 5.1 3.57 6 4.2 6
38 39 110.7 77.49 18 12.6 18
39 40 11.16 7.81 12 8.4 12
37 40 8.4 5.88 10 7 10
40 46 748.44 523.91 99 69.3 99
36 41 15.98 11.19 17 11.9 17
41 42 4.2 2.94 5 3.5 5
36 42 39.36 27.55 16 11.2 16
42 43 27.9 19.53 31 21.7 31
43 44 12.88 9.02 14 9.8 14
33 44 3.64 2.55 4 2.8 4
41 46 3.6 2.52 4 2.8 4
45 46 6.58 4.61 7 4.9 7
42 45 10.95 7.66 5 3.5 5
32 138 12.09 8.46 13 9.1 13
47 48 9.4 6.58 10 7 10
47 49 16.24 11.37 8 5.6 8
49 50 25.2 17.64 30 21 30
51 52 10.32 7.22 12 8.4 12
52 139 20.88 14.62 24 16.8 24
48 139 19.44 13.61 24 16.8 24
53 54 8.7 6.09 10 7 10
54 55 11.92 8.34 4 2.8 4
55 56 40.67 28.47 49 34.3 49
56 57 16.8 11.76 20 14 20
57 58 34.4 24.08 40 28 40
58 59 16.38 11.47 18 12.6 18
44 59 12.75 8.92 15 10.5 15
59 60 29.75 20.82 35 24.5 35
58 60 79.67 55.77 31 21.7 31
48 60 26.52 18.56 13 9.1 13
56 61 31.5 22.05 14 9.8 14
61 62 5.67 3.97 7 4.9 7
62 63 8.46 5.92 9 6.3 9
63 64 13.65 9.55 15 10.5 15
61 65 246.42 172.49 37 25.9 37
65 66 27.39 19.17 33 23.1 33
66 67 20.97 14.68 9 6.3 9
66 68 3.4 2.38 4 2.8 4
68 69 17.04 11.93 8 5.6 8
69 70 7.56 5.29 9 6.3 9
68 70 14.64 10.25 6 4.2 6
70 71 8.28 5.8 9 6.3 9
71 72 14.4 10.08 18 12.6 18
71 73 12.9 9.03 15 10.5 15
72 73 4.5 3.15 5 3.5 5
43 72 33.48 23.44 36 25.2 36
74 75 39.95 27.96 47 32.9 47
73 75 25.65 17.95 27 18.9 27
75 76 9.1 6.37 10 7 10
45 76 14.88 10.42 16 11.2 16
76 77 32.55 22.78 15 10.5 15
77 78 10.8 7.56 12 8.4 12
78 79 10.68 7.48 12 8.4 12
78 80 8.19 5.73 9 6.3 9
79 80 22.3 15.61 10 7 10
79 81 13.6 9.52 16 11.2 16
81 82 9.2 6.44 10 7 10
80 82 14.96 10.47 17 11.9 17
81 83 11.05 7.74 13 9.1 13
82 83 16.2 11.34 18 12.6 18
83 84 9.5 6.65 10 7 10
84 85 18.4 12.88 20 14 20
85 86 10.36 7.25 4 2.8 4
88 91 8.6 6.02 10 7 10
81 91 70.72 49.5 26 18.2 26
63 92 74.2 51.94 28 19.6 28
62 92 63.75 44.62 25 17.5 25
94 95 7.36 5.15 8 5.6 8
95 96 15.98 11.19 17 11.9 17
96 97 2.55 1.78 3 2.1 3
95 98 27.7 19.39 10 7 10
96 98 32.56 22.79 37 25.9 37
98 99 83.16 58.21 33 23.1 33
101 103 17.22 12.05 21 14.7 21
103 104 5.28 3.7 6 4.2 6
104 105 12.45 8.71 15 10.5 15
105 106 24.08 16.86 28 19.6 28
106 107 23 16.1 25 17.5 25
105 107 32.68 22.88 38 26.6 38
107 108 92.7 64.89 103 72.1 103
106 109 6.4 4.48 8 5.6 8
109 110 6.02 4.21 7 4.9 7
109 111 10.92 7.64 13 9.1 13
106 111 99.19 69.43 13 9.1 13
111 112 8.16 5.71 4 2.8 4
102 112 39.1 27.37 46 32.2 46
112 113 11.16 7.81 12 8.4 12
0 115 17.1 11.97 18 12.6 18
115 116 15.77 11.04 19 13.3 19
1 116 124.32 87.02 16 11.2 16
116 117 45.57 31.9 49 34.3 49
116 118 63.6 44.52 24 16.8 24
113 117 48.72 34.1 58 40.6 58
3 123 59.63 41.74 67 46.9 67
123 125 10.34 7.24 11 7.7 11
125 126 13.05 9.13 15 10.5 15
126 127 57.2 40.04 22 15.4 22
2 127 118.49 82.94 41 28.7 41
127 128 21.62 15.13 23 16.1 23
126 128 10.12 7.08 11 7.7 11
125 129 194.95 136.46 35 24.5 35
125 130 22.36 15.65 26 18.2 26
130 131 11.65 8.15 5 3.5 5
131 132 6.37 4.46 7 4.9 7
132 133 20.2 14.14 10 7 10
132 134 17.48 12.24 19 13.3 19
133 134 11.76 8.23 14 9.8 14
133 135 28.21 19.75 31 21.7 31
135 136 25.52 17.86 29 20.3 29
135 137 11.7 8.19 5 3.5 5
130 137 37.6 26.32 47 32.9 47
124 137 18.8 13.16 20 14 20
54 139 13.02 9.11 14 9.8 14
53 139 14.4 10.08 18 12.6 18
10 26 43.5 30.45 50 35 50
57 69 9.13 6.39 11 7.7 11
5 6 19.95 13.96 21 14.7 0
8 9 11.28 7.9 12 8.4 0
9 14 34.45 24.12 13 9.1 0
14 15 7.52 5.26 8 5.6 0
14 16 38.09 26.66 13 9.1 0
12 16 5.16 3.61 6 4.2 0
16 17 6.8 4.76 8 5.6 0
17 18 5.04 3.53 6 4.2 0
20 22 47.3 33.11 55 38.5 0
22 25 43.8 30.66 20 14 0
25 30 11.16 7.81 12 8.4 0
47 138 127.89 89.52 49 34.3 0
50 51 9.72 6.8 12 8.4 0
55 64 25.8 18.06 30 21 0
70 74 33.12 23.18 36 25.2 0
85 87 31.35 21.95 33 23.1 0
87 88 11.48 8.04 14 9.8 0
87 89 11.28 7.9 12 8.4 0
89 90 6.02 4.21 7 4.9 0
67 89 158.12 110.68 67 46.9 0
65 90 65.55 45.88 69 48.3 0
83 91 23.49 16.44 29 20.3 0
92 93 14.11 9.88 17 11.9 0
93 94 40.18 28.13 49 34.3 0
93 99 38.25 26.77 17 11.9 0
93 100 3.36 2.35 4 2.8 0
65 100 26.04 18.23 28 19.6 0
100 101 13.77 9.64 17 11.9 0
101 102 34.02 23.81 42 29.4 0
90 102 197.1 137.97 27 18.9 0
113 114 33.12 23.18 36 25.2 0
114 115 8 5.6 10 7 0
114 116 17.8 12.46 20 14 0
118 119 12.18 8.53 14 9.8 0
90 117 29.4 20.58 35 24.5 0
117 120 14.96 10.47 17 11.9 0
119 120 12.8 8.96 16 11.2 0
120 121 6.48 4.54 8 5.6 0
86 121 13.95 9.76 15 10.5 0
121 122 12.9 9.03 15 10.5 0
122 123 24.94 17.46 29 20.3 0
119 122 28.48 19.94 32 22.4 0
122 124 29.12 20.38 32 22.4 0
