4 5 76.7 53.69 26 18.2 26
5 7 8.2 5.74 10 7 10
7 8 31.08 21.76 37 25.9 37
7 10 39.36 27.55 48 33.6 48
10 11 21.75 15.22 25 17.5 25
11 12 11.04 7.73 12 8.4 12
12 13 15.12 10.58 18 12.6 18
12 15 9.72 6.8 12 8.4 12
9 18 76.16 53.31 28 19.6 28
11 19 85.68 59.98 34 23.8 34
19 20 53.94 37.76 58 40.6 58
19 21 8.6 6.02 10 7 10
19 23 31.02 21.71 33 23.1 33
22 23 49.84 34.89 56 39.2 56
23 24 9.4 6.58 10 7 10
24 25 132 92.4 48 33.6 48
24 26 16.53 11.57 19 13.3 19
26 27 4.98 3.49 6 4.2 6
27 28 4.65 3.25 5 3.5 5
27 29 4.4 3.08 5 3.5 5
29 30 33.62 23.53 41 28.7 41
29 31 74.48 52.14 28 19.6 28
28 32 123.76 86.63 52 36.4 52
10 32 19.44 13.61 24 16.8 24
33 138 43.61 30.53 49 34.3 49
33 34 168.15 117.7 59 41.3 59
34 35 3.52 2.46 4 2.8 4
34 36 15.81 11.07 17 11.9 17
35 36 40.2 28.14 20 14 20
35 37 23 16.1 25 17.5 25
37 38 5.34 3.74 6 4.2 6
38 39 46.26 32.38 18 12.6 18
39 40 9.84 6.89 12 8.4 12
37 40 8.7 6.09 10 7 10
40 46 91.08 63.76 99 69.3 99
36 41 14.62 10.23 17 11.9 17
41 42 4.75 3.32 5 3.5 5
36 42 12.96 9.07 16 11.2 16
42 43 27.59 19.31 31 21.7 31
43 44 11.9 8.33 14 9.8 14
33 44 8.28 5.8 4 2.8 4
41 46 8.32 5.82 4 2.8 4
45 46 15.4 10.78 7 4.9 7
42 45 4.25 2.97 5 3.5 5
32 138 28.34 19.84 13 9.1 13
47 48 25 17.5 10 7 10
47 49 7.28 5.1 8 5.6 8
49 50 26.4 18.48 30 21 30
51 52 10.44 7.31 12 8.4 12
52 139 22.08 15.46 24 16.8 24
48 139 21.12 14.78 24 16.8 24
53 54 9 6.3 10 7 10
54 55 31.72 22.2 4 2.8 4
55 56 41.16 28.81 49 34.3 49
56 57 16.8 11.76 20 14 20
57 58 36.8 25.76 40 28 40
58 59 16.38 11.47 18 12.6 18
44 59 14.1 9.87 15 10.5 15
59 60 28.35 19.84 35 24.5 35
58 60 25.11 17.58 31 21.7 31
48 60 28.6 20.02 13 9.1 13
56 61 12.6 8.82 14 9.8 14
61 62 5.74 4.02 7 4.9 7
62 63 7.83 5.48 9 6.3 9
63 64 12.6 8.82 15 10.5 15
61 65 81.4 56.98 37 25.9 37
65 66 26.4 18.48 33 23.1 33
66 67 7.56 5.29 9 6.3 9
66 68 3.28 2.3 4 2.8 4
68 69 7.28 5.1 8 5.6 8
69 70 8.37 5.86 9 6.3 9
68 70 5.7 3.99 6 4.2 6
70 71 7.29 5.1 9 6.3 9
71 72 16.02 11.21 18 12.6 18
71 73 13.65 9.55 15 10.5 15
72 73 4.4 3.08 5 3.5 5
43 72 34.2 23.94 36 25.2 36
74 75 114.21 79.95 47 32.9 47
73 75 24.3 17.01 27 18.9 27
75 76 8.7 6.09 10 7 10
45 76 41.6 29.12 16 11.2 16
76 77 13.5 9.45 15 10.5 15
77 78 10.32 7.22 12 8.4 12
78 79 9.6 6.72 12 8.4 12
78 80 22.5 15.75 9 6.3 9
79 80 27.9 19.53 10 7 10
79 81 45.92 32.14 16 11.2 16
81 82 8.3 5.81 10 7 10
80 82 13.77 9.64 17 11.9 17
81 83 33.02 23.11 13 9.1 13
82 83 16.02 11.21 18 12.6 18
83 84 8.8 6.16 10 7 10
84 85 17.6 12.32 20 14 20
85 86 22.48 15.74 4 2.8 4
88 91 8.5 5.95 10 7 10
81 91 74.36 52.05 26 18.2 26
63 92 223.44 156.41 28 19.6 28
62 92 50.25 35.17 25 17.5 25
94 95 50.4 35.28 8 5.6 8
95 96 14.28 10 17 11.9 17
96 97 2.61 1.83 3 2.1 3
95 98 76.3 53.41 10 7 10
96 98 209.05 146.34 37 25.9 37
98 99 67.65 47.36 33 23.1 33
101 103 18.27 12.79 21 14.7 21
103 104 4.92 3.44 6 4.2 6
104 105 13.2 9.24 15 10.5 15
105 106 23.8 16.66 28 19.6 28
106 107 20.5 14.35 25 17.5 25
105 107 33.44 23.41 38 26.6 38
107 108 96.82 67.77 103 72.1 103
106 109 6.8 4.76 8 5.6 8
109 110 5.67 3.97 7 4.9 7
109 111 10.66 7.46 13 9.1 13
106 111 11.31 7.92 13 9.1 13
111 112 3.52 2.46 4 2.8 4
102 112 42.32 29.62 46 32.2 46
112 113 10.8 7.56 12 8.4 12
0 115 16.2 11.34 18 12.6 18
115 116 17.48 12.24 19 13.3 19
1 116 12.96 9.07 16 11.2 16
116 117 101.43 71 49 34.3 49
116 118 65.76 46.03 24 16.8 24
113 117 51.04 35.73 58 40.6 58
3 123 54.27 37.99 67 46.9 67
123 125 9.35 6.54 11 7.7 11
125 126 38.1 26.67 15 10.5 15
126 127 19.58 13.71 22 15.4 22
2 127 33.21 23.25 41 28.7 41
127 128 20.93 14.65 23 16.1 23
126 128 22.77 15.94 11 7.7 11
125 129 89.25 62.47 35 24.5 35
125 130 72.28 50.6 26 18.2 26
130 131 4.1 2.87 5 3.5 5
131 132 6.51 4.56 7 4.9 7
132 133 8.7 6.09 10 7 10
132 134 17.48 12.24 19 13.3 19
133 134 12.46 8.72 14 9.8 14
133 135 164.61 115.23 31 21.7 31
135 136 25.23 17.66 29 20.3 29
135 137 4.7 3.29 5 3.5 5
130 137 38.07 26.65 47 32.9 47
124 137 18.2 12.74 20 14 20
54 139 12.04 8.43 14 9.8 14
53 139 14.58 10.21 18 12.6 18
10 26 43 30.1 50 35 50
57 69 23.76 16.63 11 7.7 11
5 6 19.11 13.38 21 14.7 0
8 9 10.68 7.48 12 8.4 0
9 14 11.31 7.92 13 9.1 0
14 15 20.24 14.17 8 5.6 0
14 16 11.31 7.92 13 9.1 0
12 16 16.98 11.89 6 4.2 0
16 17 19.6 13.72 8 5.6 0
17 18 5.58 3.91 6 4.2 0
20 22 118.25 82.77 55 38.5 0
22 25 54.8 38.36 20 14 0
25 30 34.8 24.36 12 8.4 0
47 138 43.61 30.53 49 34.3 0
50 51 9.84 6.89 12 8.4 0
55 64 28.5 19.95 30 21 0
70 74 33.48 23.44 36 25.2 0
85 87 29.37 20.56 33 23.1 0
87 88 11.9 8.33 14 9.8 0
87 89 9.96 6.97 12 8.4 0
89 90 6.23 4.36 7 4.9 0
67 89 59.63 41.74 67 46.9 0
65 90 180.78 126.55 69 48.3 0
83 91 25.23 17.66 29 20.3 0
92 93 15.81 11.07 17 11.9 0
93 94 46.55 32.58 49 34.3 0
93 99 13.6 9.52 17 11.9 0
93 100 3.44 2.41 4 2.8 0
65 100 24.92 17.44 28 19.6 0
100 101 15.64 10.95 17 11.9 0
101 102 36.12 25.28 42 29.4 0
90 102 24.03 16.82 27 18.9 0
113 114 33.12 23.18 36 25.2 0
114 115 63.7 44.59 10 7 0
114 116 17.6 12.32 20 14 0
118 119 13.16 9.21 14 9.8 0
90 117 78.05 54.63 35 24.5 0
117 120 15.3 10.71 17 11.9 0
119 120 13.6 9.52 16 11.2 0
120 121 7.36 5.15 8 5.6 0
86 121 12.3 8.61 15 10.5 0
121 122 40.5 28.35 15 10.5 0
122 123 179.51 125.66 29 20.3 0
119 122 27.84 19.49 32 22.4 0
122 124 29.44 20.61 32 22.4 0
