4 5 205.66 143.96 26 18.2 26
5 7 9.4 6.58 10 7 10
7 8 34.41 24.09 37 25.9 37
7 10 39.84 27.89 48 33.6 48
10 11 23 16.1 25 17.5 25
11 12 11.28 7.9 12 8.4 12
12 13 15.12 10.58 18 12.6 18
9 14 10.53 7.37 13 9.1 13
14 15 62.96 44.07 8 5.6 8
14 16 11.96 8.37 13 9.1 13
12 16 4.92 3.44 6 4.2 6
12 15 11.4 7.98 12 8.4 12
16 17 6.64 4.65 8 5.6 8
9 18 80.64 56.45 28 19.6 28
11 19 30.6 21.42 34 23.8 34
19 20 49.3 34.51 58 40.6 58
19 21 9.5 6.65 10 7 10
19 23 30.03 21.02 33 23.1 33
22 23 52.08 36.46 56 39.2 56
23 24 8.5 5.95 10 7 10
24 25 40.8 28.56 48 33.6 48
24 26 16.91 11.84 19 13.3 19
26 27 4.8 3.36 6 4.2 6
27 28 12.35 8.64 5 3.5 5
27 29 4.3 3.01 5 3.5 5
29 30 36.49 25.54 41 28.7 41
29 31 23.52 16.46 28 19.6 28
28 32 46.8 32.76 52 36.4 52
10 32 61.2 42.84 24 16.8 24
33 138 44.1 30.87 49 34.3 49
33 34 50.74 35.52 59 41.3 59
34 35 3.36 2.35 4 2.8 4
34 36 15.81 11.07 17 11.9 17
35 36 43.6 30.52 20 14 20
35 37 22.5 15.75 25 17.5 25
37 38 5.64 3.95 6 4.2 6
38 39 16.2 11.34 18 12.6 18
39 40 10.56 7.39 12 8.4 12
37 40 9.3 6.51 10 7 10
40 46 84.15 58.91 99 69.3 99
36 41 15.64 10.95 17 11.9 17
41 42 31 21.7 5 3.5 5
36 42 13.44 9.41 16 11.2 16
42 43 26.04 18.23 31 21.7 31
43 44 11.76 8.23 14 9.8 14
33 44 3.76 2.63 4 2.8 4
41 46 8.24 5.77 4 2.8 4
45 46 6.02 4.21 7 4.9 7
42 45 12.4 8.68 5 3.5 5
32 138 11.83 8.28 13 9.1 13
47 48 28.5 19.95 10 7 10
47 49 7.04 4.93 8 5.6 8
49 50 27.3 19.11 30 21 30
50 51 33.84 23.69 12 8.4 12
51 52 10.56 7.39 12 8.4 12
52 139 21.84 15.29 24 16.8 24
48 139 64.56 45.19 24 16.8 24
53 54 8.6 6.02 10 7 10
54 55 3.52 2.46 4 2.8 4
55 56 136.22 95.35 49 34.3 49
56 57 16.4 11.48 20 14 20
57 58 116 81.2 40 28 40
58 59 16.74 11.72 18 12.6 18
44 59 93.75 65.62 15 10.5 15
59 60 31.85 22.29 35 24.5 35
58 60 74.09 51.86 31 21.7 31
48 60 37.57 26.3 13 9.1 13
56 61 32.76 22.93 14 9.8 14
61 62 5.95 4.17 7 4.9 7
62 63 7.83 5.48 9 6.3 9
63 64 13.95 9.76 15 10.5 15
61 65 33.67 23.57 37 25.9 37
65 66 77.55 54.28 33 23.1 33
66 67 7.74 5.42 9 6.3 9
66 68 3.4 2.38 4 2.8 4
68 69 7.04 4.93 8 5.6 8
69 70 8.37 5.86 9 6.3 9
68 70 12.72 8.9 6 4.2 6
70 71 7.74 5.42 9 6.3 9
71 72 14.76 10.33 18 12.6 18
71 73 14.1 9.87 15 10.5 15
72 73 4.6 3.22 5 3.5 5
43 72 31.68 22.18 36 25.2 36
70 74 32.04 22.43 36 25.2 36
74 75 39.48 27.64 47 32.9 47
73 75 22.14 15.5 27 18.9 27
75 76 9.4 6.58 10 7 10
45 76 35.04 24.53 16 11.2 16
76 77 12.6 8.82 15 10.5 15
77 78 9.6 6.72 12 8.4 12
78 79 10.68 7.48 12 8.4 12
78 80 8.46 5.92 9 6.3 9
79 80 26 18.2 10 7 10
79 81 39.2 27.44 16 11.2 16
81 82 8.8 6.16 10 7 10
80 82 15.81 11.07 17 11.9 17
81 83 12.09 8.46 13 9.1 13
82 83 15.66 10.96 18 12.6 18
83 84 29.6 20.72 10 7 10
84 85 42.8 29.96 20 14 20
85 86 3.36 2.35 4 2.8 4
88 91 8.3 5.81 10 7 10
81 91 22.36 15.65 26 18.2 26
83 91 25.52 17.86 29 20.3 29
63 92 22.68 15.88 28 19.6 28
62 92 22.5 15.75 25 17.5 25
94 95 6.8 4.76 8 5.6 8
95 96 13.6 9.52 17 11.9 17
96 97 2.4 1.68 3 2.1 3
95 98 9.4 6.58 10 7 10
96 98 34.78 24.35 37 25.9 37
98 99 95.04 66.53 33 23.1 33
101 103 19.11 13.38 21 14.7 21
103 104 5.52 3.86 6 4.2 6
104 105 36.6 25.62 15 10.5 15
105 106 25.48 17.84 28 19.6 28
106 107 70 49 25 17.5 25
105 107 35.72 25 38 26.6 38
107 108 84.46 59.12 103 72.1 103
106 109 23.68 16.58 8 5.6 8
109 110 6.23 4.36 7 4.9 7
109 111 12.09 8.46 13 9.1 13
106 111 11.44 8.01 13 9.1 13
111 112 3.2 2.24 4 2.8 4
102 112 136.62 95.63 46 32.2 46
112 113 10.92 7.64 12 8.4 12
113 114 29.88 20.92 36 25.2 36
114 115 8.7 6.09 10 7 10
0 115 16.38 11.47 18 12.6 18
115 116 17.1 11.97 19 13.3 19
114 116 18.2 12.74 20 14 20
1 116 12.96 9.07 16 11.2 16
116 117 368.97 258.28 49 34.3 49
116 118 56.64 39.65 24 16.8 24
118 119 12.04 8.43 14 9.8 14
113 117 363.66 254.56 58 40.6 58
3 123 55.61 38.93 67 46.9 67
123 125 9.13 6.39 11 7.7 11
125 126 13.2 9.24 15 10.5 15
126 127 58.74 41.12 22 15.4 22
2 127 38.95 27.27 41 28.7 41
127 128 21.62 15.13 23 16.1 23
126 128 31.24 21.87 11 7.7 11
125 129 100.45 70.31 35 24.5 35
125 130 21.84 15.29 26 18.2 26
130 131 4.55 3.18 5 3.5 5
131 132 18.13 12.69 7 4.9 7
132 133 8.8 6.16 10 7 10
132 134 17.67 12.37 19 13.3 19
133 134 11.62 8.13 14 9.8 14
133 135 28.52 19.96 31 21.7 31
135 136 80.33 56.23 29 20.3 29
135 137 4.05 2.83 5 3.5 5
130 137 96.82 67.77 47 32.9 47
124 137 52.6 36.82 20 14 20
54 139 39.06 27.34 14 9.8 14
53 139 16.02 11.21 18 12.6 18
10 26 46.5 32.55 50 35 50
57 69 31.02 21.71 11 7.7 11
5 6 19.53 13.67 21 14.7 0
8 9 11.16 7.81 12 8.4 0
17 18 17.7 12.39 6 4.2 0
20 22 45.65 31.95 55 38.5 0
22 25 16.6 11.62 20 14 0
25 30 9.6 6.72 12 8.4 0
47 138 40.18 28.13 49 34.3 0
55 64 27.3 19.11 30 21 0
85 87 29.04 20.33 33 23.1 0
87 88 12.74 8.92 14 9.8 0
87 89 30.72 21.5 12 8.4 0
89 90 6.16 4.31 7 4.9 0
67 89 54.94 38.46 67 46.9 0
65 90 62.1 43.47 69 48.3 0
92 93 14.79 10.35 17 11.9 0
93 94 46.55 32.58 49 34.3 0
93 99 134.98 94.49 17 11.9 0
93 100 9.84 6.89 4 2.8 0
65 100 59.36 41.55 28 19.6 0
100 101 14.11 9.88 17 11.9 0
101 102 257.46 180.22 42 29.4 0
90 102 72.09 50.46 27 18.9 0
90 117 28.35 19.84 35 24.5 0
117 120 15.81 11.07 17 11.9 0
119 120 14.72 10.3 16 11.2 0
120 121 7.36 5.15 8 5.6 0
86 121 38.55 26.98 15 10.5 0
121 122 36.15 25.3 15 10.5 0
122 123 209.67 146.77 29 20.3 0
119 122 29.44 20.61 32 22.4 0
122 124 27.84 19.49 32 22.4 0
