0 1 32 22.4 28.48 19.94 32
1 2 14 9.8 11.9 8.33 14
1 3 17 11.9 15.98 11.19 17
3 4 56 39.2 50.96 35.67 56
8 9 20 14 17.2 12.04 20
10 11 32 22.4 29.12 20.38 32
11 15 29 20.3 24.36 17.05 29
12 15 13 9.1 11.44 8.01 13
12 13 7 4.9 6.58 4.61 7
14 16 26 18.2 21.32 14.92 26
14 17 38 26.6 91.96 64.37 38
17 18 41 28.7 92.66 64.86 41
18 19 32 22.4 28.16 19.71 32
18 20 38 26.6 30.78 21.55 38
20 21 17 11.9 45.22 31.65 17
21 74 24 16.8 56.4 39.48 24
22 30 40 28 36.4 25.48 40
30 31 58 40.6 48.72 34.1 58
31 32 30 21 27.6 19.32 30
31 33 43 30.1 301.43 211 43
31 34 86 60.2 80.84 56.59 86
34 40 15 10.5 13.5 9.45 15
42 43 78 54.6 71.76 50.23 78
43 44 12 8.4 28.2 19.74 12
43 45 13 9.1 10.66 7.46 13
45 46 33 23.1 26.4 18.48 33
46 47 10 7 8.1 5.67 10
46 48 9 6.3 8.19 5.73 9
48 49 8 5.6 7.28 5.1 8
48 50 10 7 9.1 6.37 10
49 51 2 1.4 1.86 1.3 2
51 53 4 2.8 3.48 2.44 4
54 55 6 4.2 5.46 3.82 6
41 56 14 9.8 12.88 9.02 14
56 57 78 54.6 195 136.5 78
57 58 25 17.5 21 14.7 25
10 58 78 54.6 577.98 404.59 78
57 59 33 23.1 91.41 63.99 33
59 60 39 27.3 109.59 76.71 39
59 61 23 16.1 19.32 13.52 23
61 62 30 21 25.8 18.06 30
62 64 21 14.7 122.64 85.85 21
61 65 16 11.2 13.6 9.52 16
65 67 45 31.5 37.35 26.14 45
57 68 32 22.4 26.24 18.37 32
58 68 11 7.7 9.79 6.85 11
3 68 75 52.5 221.25 154.88 75
22 74 17 11.9 41.31 28.92 17
19 75 8 5.6 7.2 5.04 8
20 50 2 1.4 5.44 3.81 2
43 58 28 19.6 23.8 16.66 28
4 5 8 5.6 6.64 4.65 0
4 6 6 4.2 5.52 3.86 0
6 7 18 12.6 16.2 11.34 0
7 8 26 18.2 71.24 49.87 0
9 10 12 8.4 9.96 6.97 0
13 14 7 4.9 5.74 4.02 0
12 76 12 8.4 11.04 7.73 0
17 19 21 14.7 18.69 13.08 0
21 23 4 2.8 8.6 6.02 0
23 24 27 18.9 58.05 40.63 0
24 74 16 11.2 12.96 9.07 0
24 25 17 11.9 38.42 26.89 0
22 25 12 8.4 10.92 7.64 0
25 26 15 10.5 13.65 9.55 0
25 27 18 12.6 16.56 11.59 0
27 28 16 11.2 14.08 9.86 0
24 28 27 18.9 25.65 17.95 0
29 30 14 9.8 12.18 8.53 0
32 35 27 18.9 56.7 39.69 0
32 36 75 52.5 66.75 46.72 0
36 37 8 5.6 7.36 5.15 0
36 38 21 14.7 53.97 37.78 0
38 39 5 3.5 4.55 3.18 0
34 38 7 4.9 6.3 4.41 0
39 40 9 6.3 7.38 5.17 0
40 41 18 12.6 14.94 10.46 0
41 42 11 7.7 9.9 6.93 0
44 45 12 8.4 11.28 7.9 0
10 47 79 55.3 65.57 45.9 0
50 52 4 2.8 3.56 2.49 0
51 52 4 2.8 3.72 2.6 0
23 52 24 16.8 19.68 13.78 0
18 49 30 21 62.7 43.89 0
41 55 26 18.2 24.18 16.93 0
62 63 9 6.3 7.29 5.1 0
69 70 56 39.2 52.08 36.46 0
70 71 6 4.2 5.1 3.57 0
70 72 5 3.5 4.45 3.11 0
71 72 5 3.5 4.6 3.22 0
72 73 25 17.5 20.75 14.52 0
17 71 92 64.4 79.12 55.38 0
55 66 36 25.2 31.32 21.92 0
11 75 7 4.9 6.37 4.46 0
14 76 13 9.1 10.4 7.28 0
75 76 35 24.5 30.8 21.56 0
59 66 29 20.3 84.1 58.87 0
61 66 31 21.7 28.83 20.18 0
