0 1 25.92 18.14 32 22.4 32
1 2 28.98 20.29 14 9.8 14
1 3 15.47 10.83 17 11.9 17
3 4 123.2 86.24 56 39.2 56
4 5 6.64 4.65 8 5.6 8
4 6 5.1 3.57 6 4.2 6
6 7 15.3 10.71 18 12.6 18
7 8 22.88 16.02 26 18.2 26
8 9 17.6 12.32 20 14 20
9 10 31.32 21.92 12 8.4 12
10 11 26.56 18.59 32 22.4 32
11 15 23.49 16.44 29 20.3 29
12 15 38.74 27.12 13 9.1 13
12 13 6.23 4.36 7 4.9 7
13 14 6.09 4.26 7 4.9 7
12 76 10.92 7.64 12 8.4 12
14 16 20.8 14.56 26 18.2 26
14 17 32.68 22.88 38 26.6 38
17 18 37.72 26.4 41 28.7 41
18 19 28.48 19.94 32 22.4 32
17 19 55.65 38.95 21 14.7 21
18 20 32.3 22.61 38 26.6 38
20 21 14.62 10.23 17 11.9 17
21 74 51.6 36.12 24 16.8 24
21 23 3.32 2.32 4 2.8 4
23 24 54 37.8 27 18.9 27
24 74 13.44 9.41 16 11.2 16
24 25 39.1 27.37 17 11.9 17
22 25 10.8 7.56 12 8.4 12
25 26 13.2 9.24 15 10.5 15
25 27 15.66 10.96 18 12.6 18
27 28 13.6 9.52 16 11.2 16
24 28 61.56 43.09 27 18.9 27
29 30 12.74 8.92 14 9.8 14
22 30 33.6 23.52 40 28 40
30 31 49.3 34.51 58 40.6 58
31 32 25.5 17.85 30 21 30
31 33 95.03 66.52 43 30.1 43
31 34 68.8 48.16 86 60.2 86
32 35 21.87 15.31 27 18.9 27
32 36 177.75 124.42 75 52.5 75
36 37 7.36 5.15 8 5.6 8
36 38 19.74 13.82 21 14.7 21
38 39 4.15 2.91 5 3.5 5
34 38 6.51 4.56 7 4.9 7
34 40 13.2 9.24 15 10.5 15
39 40 25.92 18.14 9 6.3 9
40 41 15.3 10.71 18 12.6 18
41 42 9.24 6.47 11 7.7 11
42 43 67.08 46.96 78 54.6 78
43 44 10.8 7.56 12 8.4 12
44 45 9.72 6.8 12 8.4 12
43 45 10.92 7.64 13 9.1 13
45 46 82.5 57.75 33 23.1 33
46 47 8.7 6.09 10 7 10
10 47 172.22 120.55 79 55.3 79
46 48 7.38 5.17 9 6.3 9
48 49 48.88 34.22 8 5.6 8
48 50 8.7 6.09 10 7 10
49 51 1.74 1.22 2 1.4 2
50 52 11.4 7.98 4 2.8 4
51 52 3.52 2.46 4 2.8 4
51 53 8.48 5.94 4 2.8 4
23 52 166.08 116.26 24 16.8 24
18 49 27 18.9 30 21 30
54 55 4.98 3.49 6 4.2 6
41 55 54.86 38.4 26 18.2 26
41 56 12.04 8.43 14 9.8 14
56 57 70.98 49.69 78 54.6 78
57 58 70.5 49.35 25 17.5 25
10 58 69.42 48.59 78 54.6 78
57 59 27.06 18.94 33 23.1 33
59 60 31.98 22.39 39 27.3 39
59 61 19.32 13.52 23 16.1 23
61 62 26.4 18.48 30 21 30
62 63 7.65 5.35 9 6.3 9
62 64 16.8 11.76 21 14.7 21
61 65 13.28 9.3 16 11.2 16
65 67 255.6 178.92 45 31.5 45
57 68 26.24 18.37 32 22.4 32
58 68 22.77 15.94 11 7.7 11
3 68 63 44.1 75 52.5 75
69 70 52.64 36.85 56 39.2 56
70 71 16.32 11.42 6 4.2 6
70 72 4.7 3.29 5 3.5 5
71 72 10.3 7.21 5 3.5 5
72 73 21.5 15.05 25 17.5 25
17 71 623.76 436.63 92 64.4 92
55 66 32.4 22.68 36 25.2 36
22 74 13.94 9.76 17 11.9 17
11 75 6.09 4.26 7 4.9 7
19 75 18 12.6 8 5.6 8
14 76 11.18 7.83 13 9.1 13
75 76 30.1 21.07 35 24.5 35
20 50 1.76 1.23 2 1.4 2
43 58 56.84 39.79 28 19.6 28
59 66 183.28 128.3 29 20.3 29
61 66 27.59 19.31 31 21.7 31
