4 5 21.06 14.74 26 18.2 26
5 7 28.4 19.88 10 7 10
7 8 32.56 22.79 37 25.9 37
7 10 39.84 27.89 48 33.6 48
10 11 23 16.1 25 17.5 25
11 12 32.64 22.85 12 8.4 12
12 13 15.12 10.58 18 12.6 18
19 21 8 5.6 10 7 10
19 23 30.03 21.02 33 23.1 33
23 24 8.8 6.16 10 7 10
24 26 17.1 11.97 19 13.3 19
26 27 5.34 3.74 6 4.2 6
27 28 4.15 2.91 5 3.5 5
27 29 4.7 3.29 5 3.5 5
29 31 25.76 18.03 28 19.6 28
10 32 21.36 14.95 24 16.8 24
33 138 120.05 84.03 49 34.3 49
35 36 17 11.9 20 14 20
35 37 23 16.1 25 17.5 25
37 38 16.8 11.76 6 4.2 6
38 39 15.3 10.71 18 12.6 18
36 42 96.8 67.76 16 11.2 16
42 43 25.73 18.01 31 21.7 31
43 44 13.16 9.21 14 9.8 14
33 44 10.96 7.67 4 2.8 4
42 45 14.2 9.94 5 3.5 5
32 138 11.7 8.19 13 9.1 13
47 48 25.7 17.99 10 7 10
48 139 60 42 24 16.8 24
53 54 8.6 6.02 10 7 10
54 55 3.6 2.52 4 2.8 4
61 62 18.97 13.28 7 4.9 7
62 63 26.91 18.84 9 6.3 9
63 64 13.65 9.55 15 10.5 15
61 65 31.08 21.76 37 25.9 37
65 66 27.06 18.94 33 23.1 33
66 67 8.46 5.92 9 6.3 9
66 68 9.88 6.92 4 2.8 4
68 70 46.98 32.89 6 4.2 6
70 71 8.1 5.67 9 6.3 9
71 72 15.66 10.96 18 12.6 18
43 72 73.44 51.41 36 25.2 36
45 76 13.76 9.63 16 11.2 16
76 77 30.75 21.52 15 10.5 15
77 78 10.32 7.22 12 8.4 12
78 79 10.44 7.31 12 8.4 12
79 81 13.12 9.18 16 11.2 16
81 83 11.96 8.37 13 9.1 13
83 84 29.8 20.86 10 7 10
84 85 17.4 12.18 20 14 20
85 86 3.32 2.32 4 2.8 4
94 95 7.36 5.15 8 5.6 8
95 96 15.81 11.07 17 11.9 17
96 97 6.24 4.37 3 2.1 3
101 103 51.45 36.02 21 14.7 21
103 104 5.16 3.61 6 4.2 6
104 105 117 81.9 15 10.5 15
105 106 70.56 49.39 28 19.6 28
106 107 20.5 14.35 25 17.5 25
107 108 207.03 144.92 103 72.1 103
106 109 6.4 4.48 8 5.6 8
109 110 6.51 4.56 7 4.9 7
109 111 38.09 26.66 13 9.1 13
106 111 11.57 8.1 13 9.1 13
111 112 3.32 2.32 4 2.8 4
112 113 9.84 6.89 12 8.4 12
0 115 15.66 10.96 18 12.6 18
115 116 17.48 12.24 19 13.3 19
1 116 14.72 10.3 16 11.2 16
116 118 22.32 15.62 24 16.8 24
113 117 53.36 37.35 58 40.6 58
123 125 24.86 17.4 11 7.7 11
125 129 31.85 22.29 35 24.5 35
54 139 11.48 8.04 14 9.8 14
10 26 42 29.4 50 35 50
5 6 19.53 13.67 21 14.7 0
8 9 24.6 17.22 12 8.4 0
9 14 33.93 23.75 13 9.1 0
14 15 7.6 5.32 8 5.6 0
14 16 12.22 8.55 13 9.1 0
12 16 5.58 3.91 6 4.2 0
12 15 10.2 7.14 12 8.4 0
16 17 7.44 5.21 8 5.6 0
17 18 13.26 9.28 6 4.2 0
9 18 23.24 16.27 28 19.6 0
11 19 29.58 20.71 34 23.8 0
19 20 49.88 34.92 58 40.6 0
20 22 46.2 32.34 55 38.5 0
22 23 51.52 36.06 56 39.2 0
24 25 119.04 83.33 48 33.6 0
22 25 16.8 11.76 20 14 0
29 30 38.13 26.69 41 28.7 0
25 30 9.84 6.89 12 8.4 0
28 32 48.36 33.85 52 36.4 0
33 34 47.79 33.45 59 41.3 0
34 35 32 22.4 4 2.8 0
34 36 34.17 23.92 17 11.9 0
39 40 35.4 24.78 12 8.4 0
37 40 9.4 6.58 10 7 0
40 46 82.17 57.52 99 69.3 0
36 41 14.79 10.35 17 11.9 0
41 42 4.6 3.22 5 3.5 0
41 46 20.92 14.64 4 2.8 0
45 46 46.97 32.88 7 4.9 0
47 138 137.2 96.04 49 34.3 0
47 49 6.72 4.7 8 5.6 0
49 50 67.5 47.25 30 21 0
50 51 35.16 24.61 12 8.4 0
51 52 9.84 6.89 12 8.4 0
52 139 53.28 37.3 24 16.8 0
55 56 108.29 75.8 49 34.3 0
56 57 18.8 13.16 20 14 0
57 58 114.4 80.08 40 28 0
58 59 50.04 35.03 18 12.6 0
44 59 32.1 22.47 15 10.5 0
59 60 84.7 59.29 35 24.5 0
58 60 29.14 20.4 31 21.7 0
48 60 10.92 7.64 13 9.1 0
56 61 11.62 8.13 14 9.8 0
55 64 70.5 49.35 30 21 0
68 69 6.64 4.65 8 5.6 0
69 70 8.37 5.86 9 6.3 0
71 73 36.75 25.72 15 10.5 0
72 73 4.15 2.91 5 3.5 0
70 74 93.96 65.77 36 25.2 0
74 75 38.54 26.98 47 32.9 0
73 75 21.87 15.31 27 18.9 0
75 76 8.7 6.09 10 7 0
78 80 7.65 5.35 9 6.3 0
79 80 9.4 6.58 10 7 0
81 82 9.1 6.37 10 7 0
80 82 14.62 10.23 17 11.9 0
82 83 16.56 11.59 18 12.6 0
85 87 30.69 21.48 33 23.1 0
87 88 83.16 58.21 14 9.8 0
87 89 10.68 7.48 12 8.4 0
89 90 5.67 3.97 7 4.9 0
67 89 63.65 44.55 67 46.9 0
65 90 55.89 39.12 69 48.3 0
88 91 23.8 16.66 10 7 0
81 91 22.1 15.47 26 18.2 0
83 91 24.07 16.85 29 20.3 0
63 92 25.2 17.64 28 19.6 0
62 92 21.5 15.05 25 17.5 0
92 93 42.16 29.51 17 11.9 0
93 94 45.57 31.9 49 34.3 0
95 98 9.2 6.44 10 7 0
96 98 85.47 59.83 37 25.9 0
98 99 29.04 20.33 33 23.1 0
93 99 13.77 9.64 17 11.9 0
93 100 3.76 2.63 4 2.8 0
65 100 197.4 138.18 28 19.6 0
100 101 13.6 9.52 17 11.9 0
101 102 36.12 25.28 42 29.4 0
90 102 22.14 15.5 27 18.9 0
105 107 82.46 57.72 38 26.6 0
102 112 38.64 27.05 46 32.2 0
113 114 31.68 22.18 36 25.2 0
114 115 24.5 17.15 10 7 0
114 116 16.4 11.48 20 14 0
116 117 40.18 28.13 49 34.3 0
118 119 41.3 28.91 14 9.8 0
90 117 32.9 23.03 35 24.5 0
117 120 15.81 11.07 17 11.9 0
119 120 13.12 9.18 16 11.2 0
120 121 6.8 4.76 8 5.6 0
86 121 12.3 8.61 15 10.5 0
121 122 12.3 8.61 15 10.5 0
122 123 24.07 16.85 29 20.3 0
119 122 25.92 18.14 32 22.4 0
122 124 88.64 62.05 32 22.4 0
3 123 140.03 98.02 67 46.9 0
125 126 13.5 9.45 15 10.5 0
126 127 20.46 14.32 22 15.4 0
2 127 87.33 61.13 41 28.7 0
127 128 20.01 14.01 23 16.1 0
126 128 9.46 6.62 11 7.7 0
125 130 68.12 47.68 26 18.2 0
130 131 4.45 3.11 5 3.5 0
131 132 6.02 4.21 7 4.9 0
132 133 8.6 6.02 10 7 0
132 134 17.86 12.5 19 13.3 0
133 134 39.48 27.64 14 9.8 0
133 135 26.35 18.45 31 21.7 0
135 136 24.65 17.25 29 20.3 0
135 137 4.4 3.08 5 3.5 0
130 137 39.48 27.64 47 32.9 0
124 137 45 31.5 20 14 0
53 139 15.84 11.09 18 12.6 0
57 69 9.9 6.93 11 7.7 0
