4 5 21.58 15.11 26 18.2 26
5 7 9.5 6.65 10 7 10
7 8 33.67 23.57 37 25.9 37
7 10 43.68 30.58 48 33.6 48
10 11 62.25 43.57 25 17.5 25
11 12 9.96 6.97 12 8.4 12
12 13 15.12 10.58 18 12.6 18
19 21 9.5 6.65 10 7 10
19 23 30.03 21.02 33 23.1 33
23 24 8.1 5.67 10 7 10
24 26 16.34 11.44 19 13.3 19
26 27 5.4 3.78 6 4.2 6
27 28 4.4 3.08 5 3.5 5
27 29 10.75 7.52 5 3.5 5
29 31 147 102.9 28 19.6 28
10 32 20.16 14.11 24 16.8 24
33 138 40.18 28.13 49 34.3 49
35 36 17.2 12.04 20 14 20
35 37 21.75 15.22 25 17.5 25
37 38 5.1 3.57 6 4.2 6
38 39 16.2 11.34 18 12.6 18
36 42 15.04 10.53 16 11.2 16
42 43 86.49 60.54 31 21.7 31
43 44 33.04 23.13 14 9.8 14
33 44 10.16 7.11 4 2.8 4
42 45 10.75 7.52 5 3.5 5
32 138 10.53 7.37 13 9.1 13
47 48 29.5 20.65 10 7 10
48 139 22.32 15.62 24 16.8 24
53 54 21.4 14.98 10 7 10
54 55 3.64 2.55 4 2.8 4
61 62 15.19 10.63 7 4.9 7
62 63 7.47 5.23 9 6.3 9
63 64 12.9 9.03 15 10.5 15
61 65 34.41 24.09 37 25.9 37
65 66 30.69 21.48 33 23.1 33
66 67 23.76 16.63 9 6.3 9
66 68 3.52 2.46 4 2.8 4
68 70 5.52 3.86 6 4.2 6
70 71 24.66 17.26 9 6.3 9
71 72 14.76 10.33 18 12.6 18
43 72 29.88 20.92 36 25.2 36
45 76 14.88 10.42 16 11.2 16
76 77 35.25 24.67 15 10.5 15
77 78 9.96 6.97 12 8.4 12
78 79 9.72 6.8 12 8.4 12
79 81 15.2 10.64 16 11.2 16
81 83 10.53 7.37 13 9.1 13
83 84 9 6.3 10 7 10
84 85 44.4 31.08 20 14 20
85 86 3.64 2.55 4 2.8 4
94 95 6.96 4.87 8 5.6 8
95 96 43.18 30.23 17 11.9 17
96 97 18.3 12.81 3 2.1 3
101 103 18.06 12.64 21 14.7 21
103 104 12.48 8.74 6 4.2 6
104 105 12.6 8.82 15 10.5 15
105 106 23.8 16.66 28 19.6 28
106 107 23.5 16.45 25 17.5 25
107 108 90.64 63.45 103 72.1 103
106 109 7.36 5.15 8 5.6 8
109 110 19.88 13.92 7 4.9 7
109 111 12.09 8.46 13 9.1 13
106 111 35.62 24.93 13 9.1 13
111 112 3.68 2.58 4 2.8 4
112 113 9.96 6.97 12 8.4 12
0 115 14.58 10.21 18 12.6 18
115 116 15.77 11.04 19 13.3 19
1 116 13.92 9.74 16 11.2 16
116 118 21.84 15.29 24 16.8 24
113 117 158.92 111.24 58 40.6 58
123 125 27.17 19.02 11 7.7 11
125 129 31.5 22.05 35 24.5 35
54 139 12.32 8.62 14 9.8 14
10 26 40.5 28.35 50 35 50
5 6 17.22 12.05 21 14.7 0
8 9 10.56 7.39 12 8.4 0
9 14 11.96 8.37 13 9.1 0
14 15 6.96 4.87 8 5.6 0
14 16 11.31 7.92 13 9.1 0
12 16 5.22 3.65 6 4.2 0
12 15 10.8 7.56 12 8.4 0
16 17 6.64 4.65 8 5.6 0
17 18 14.82 10.37 6 4.2 0
9 18 22.68 15.88 28 19.6 0
11 19 29.92 20.94 34 23.8 0
19 20 52.2 36.54 58 40.6 0
20 22 50.05 35.03 55 38.5 0
22 23 53.2 37.24 56 39.2 0
24 25 40.8 28.56 48 33.6 0
22 25 18 12.6 20 14 0
29 30 37.31 26.12 41 28.7 0
25 30 10.92 7.64 12 8.4 0
28 32 134.68 94.28 52 36.4 0
33 34 50.74 35.52 59 41.3 0
34 35 3.64 2.55 4 2.8 0
34 36 45.73 32.01 17 11.9 0
39 40 11.28 7.9 12 8.4 0
37 40 8.4 5.88 10 7 0
40 46 93.06 65.14 99 69.3 0
36 41 13.94 9.76 17 11.9 0
41 42 4.6 3.22 5 3.5 0
41 46 3.72 2.6 4 2.8 0
45 46 5.74 4.02 7 4.9 0
47 138 289.1 202.37 49 34.3 0
47 49 51.76 36.23 8 5.6 0
49 50 27 18.9 30 21 0
50 51 10.44 7.31 12 8.4 0
51 52 11.16 7.81 12 8.4 0
52 139 21.36 14.95 24 16.8 0
55 56 45.08 31.56 49 34.3 0
56 57 17.8 12.46 20 14 0
57 58 37.6 26.32 40 28 0
58 59 15.3 10.71 18 12.6 0
44 59 12.75 8.92 15 10.5 0
59 60 33.25 23.27 35 24.5 0
58 60 73.47 51.43 31 21.7 0
48 60 27.82 19.47 13 9.1 0
56 61 13.02 9.11 14 9.8 0
55 64 26.4 18.48 30 21 0
68 69 6.72 4.7 8 5.6 0
69 70 7.74 5.42 9 6.3 0
71 73 39.9 27.93 15 10.5 0
72 73 14.35 10.04 5 3.5 0
70 74 32.04 22.43 36 25.2 0
74 75 41.83 29.28 47 32.9 0
73 75 61.56 43.09 27 18.9 0
75 76 8 5.6 10 7 0
78 80 8.55 5.99 9 6.3 0
79 80 8.4 5.88 10 7 0
81 82 22.8 15.96 10 7 0
80 82 15.47 10.83 17 11.9 0
82 83 49.68 34.78 18 12.6 0
85 87 29.37 20.56 33 23.1 0
87 88 11.62 8.13 14 9.8 0
87 89 10.08 7.06 12 8.4 0
89 90 6.51 4.56 7 4.9 0
67 89 61.64 43.15 67 46.9 0
65 90 180.78 126.55 69 48.3 0
88 91 8.9 6.23 10 7 0
81 91 21.32 14.92 26 18.2 0
83 91 84.39 59.07 29 20.3 0
63 92 24.64 17.25 28 19.6 0
62 92 22.75 15.92 25 17.5 0
92 93 37.06 25.94 17 11.9 0
93 94 41.16 28.81 49 34.3 0
95 98 9.3 6.51 10 7 0
96 98 33.67 23.57 37 25.9 0
98 99 83.82 58.67 33 23.1 0
93 99 129.71 90.8 17 11.9 0
93 100 3.68 2.58 4 2.8 0
65 100 24.36 17.05 28 19.6 0
100 101 14.62 10.23 17 11.9 0
101 102 102.48 71.74 42 29.4 0
90 102 21.6 15.12 27 18.9 0
105 107 95.38 66.77 38 26.6 0
102 112 37.26 26.08 46 32.2 0
113 114 32.4 22.68 36 25.2 0
114 115 28.9 20.23 10 7 0
114 116 18 12.6 20 14 0
116 117 45.57 31.9 49 34.3 0
118 119 31.92 22.34 14 9.8 0
90 117 33.25 23.27 35 24.5 0
117 120 15.47 10.83 17 11.9 0
119 120 12.8 8.96 16 11.2 0
120 121 7.04 4.93 8 5.6 0
86 121 13.35 9.34 15 10.5 0
121 122 12.45 8.71 15 10.5 0
122 123 26.1 18.27 29 20.3 0
119 122 26.56 18.59 32 22.4 0
122 124 27.84 19.49 32 22.4 0
3 123 54.94 38.46 67 46.9 0
125 126 43.2 30.24 15 10.5 0
126 127 52.36 36.65 22 15.4 0
2 127 34.03 23.82 41 28.7 0
127 128 21.62 15.13 23 16.1 0
126 128 32.78 22.95 11 7.7 0
125 130 21.84 15.29 26 18.2 0
130 131 4.25 2.97 5 3.5 0
131 132 5.74 4.02 7 4.9 0
132 133 9.3 6.51 10 7 0
132 134 15.96 11.17 19 13.3 0
133 134 12.46 8.72 14 9.8 0
133 135 26.66 18.66 31 21.7 0
135 136 23.49 16.44 29 20.3 0
135 137 4.3 3.01 5 3.5 0
130 137 40.42 28.29 47 32.9 0
124 137 17.6 12.32 20 14 0
53 139 14.58 10.21 18 12.6 0
57 69 10.12 7.08 11 7.7 0
