0 1 84.8 59.36 32 22.4 32
1 2 12.32 8.62 14 9.8 14
1 3 15.98 11.19 17 11.9 17
3 4 45.36 31.75 56 39.2 56
4 5 6.72 4.7 8 5.6 8
4 6 5.64 3.95 6 4.2 6
6 7 15.12 10.58 18 12.6 18
7 8 52.52 36.76 26 18.2 26
8 9 52.6 36.82 20 14 20
9 10 86.76 60.73 12 8.4 12
10 11 30.4 21.28 32 22.4 32
11 15 24.07 16.85 29 20.3 29
12 15 11.57 8.1 13 9.1 13
12 13 5.95 4.17 7 4.9 7
13 14 6.65 4.66 7 4.9 7
12 76 9.6 6.72 12 8.4 12
14 16 22.62 15.83 26 18.2 26
14 17 107.92 75.54 38 26.6 38
17 18 37.72 26.4 41 28.7 41
18 19 29.12 20.38 32 22.4 32
17 19 19.11 13.38 21 14.7 21
18 20 94.24 65.97 38 26.6 38
20 21 16.15 11.3 17 11.9 17
21 74 19.68 13.78 24 16.8 24
21 23 8.6 6.02 4 2.8 4
23 24 140.4 98.28 27 18.9 27
24 74 12.96 9.07 16 11.2 16
24 25 46.07 32.25 17 11.9 17
22 25 28.68 20.08 12 8.4 12
25 26 35.25 24.67 15 10.5 15
25 27 14.94 10.46 18 12.6 18
27 28 14.24 9.97 16 11.2 16
24 28 25.38 17.77 27 18.9 27
29 30 12.32 8.62 14 9.8 14
22 30 36 25.2 40 28 40
30 31 46.98 32.89 58 40.6 58
31 32 78.3 54.81 30 21 30
31 33 90.3 63.21 43 30.1 43
31 34 432.58 302.81 86 60.2 86
32 35 24.03 16.82 27 18.9 27
32 36 68.25 47.77 75 52.5 75
36 37 6.96 4.87 8 5.6 8
36 38 18.69 13.08 21 14.7 21
38 39 14 9.8 5 3.5 5
34 38 5.67 3.97 7 4.9 7
34 40 40.5 28.35 15 10.5 15
39 40 7.83 5.48 9 6.3 9
40 41 46.98 32.89 18 12.6 18
41 42 9.79 6.85 11 7.7 11
42 43 164.58 115.21 78 54.6 78
43 44 83.88 58.72 12 8.4 12
44 45 9.72 6.8 12 8.4 12
43 45 31.85 22.29 13 9.1 13
45 46 27.06 18.94 33 23.1 33
46 47 22.1 15.47 10 7 10
10 47 69.52 48.66 79 55.3 79
46 48 8.28 5.8 9 6.3 9
48 49 7.04 4.93 8 5.6 8
48 50 9.1 6.37 10 7 10
49 51 1.86 1.3 2 1.4 2
50 52 3.64 2.55 4 2.8 4
51 52 3.64 2.55 4 2.8 4
51 53 29.8 20.86 4 2.8 4
23 52 19.68 13.78 24 16.8 24
18 49 25.8 18.06 30 21 30
54 55 5.16 3.61 6 4.2 6
41 55 55.38 38.77 26 18.2 26
41 56 12.18 8.53 14 9.8 14
56 57 67.08 46.96 78 54.6 78
57 58 20.75 14.52 25 17.5 25
10 58 73.32 51.32 78 54.6 78
57 59 26.73 18.71 33 23.1 33
59 60 101.79 71.25 39 27.3 39
59 61 18.4 12.88 23 16.1 23
61 62 27.3 19.11 30 21 30
62 63 8.1 5.67 9 6.3 9
62 64 56.91 39.84 21 14.7 21
61 65 14.4 10.08 16 11.2 16
65 67 42.75 29.92 45 31.5 45
57 68 27.2 19.04 32 22.4 32
58 68 10.01 7.01 11 7.7 11
3 68 63.75 44.62 75 52.5 75
69 70 47.6 33.32 56 39.2 56
70 71 5.16 3.61 6 4.2 6
70 72 4.6 3.22 5 3.5 5
71 72 4.1 2.87 5 3.5 5
72 73 20.5 14.35 25 17.5 25
17 71 82.8 57.96 92 64.4 92
55 66 78.48 54.94 36 25.2 36
22 74 42.16 29.51 17 11.9 17
11 75 5.95 4.17 7 4.9 7
19 75 6.72 4.7 8 5.6 8
14 76 11.83 8.28 13 9.1 13
75 76 92.75 64.92 35 24.5 35
20 50 4.98 3.49 2 1.4 2
43 58 176.4 123.48 28 19.6 28
59 66 24.07 16.85 29 20.3 29
61 66 29.45 20.61 31 21.7 31
