4 5 54.08 37.86 26 18.2 26
5 6 19.53 13.67 21 14.7 21
5 7 8.4 5.88 10 7 10
7 8 102.12 71.48 37 25.9 37
8 9 11.28 7.9 12 8.4 12
7 10 42.24 29.57 48 33.6 48
10 11 20.25 14.17 25 17.5 25
11 12 9.84 6.89 12 8.4 12
12 13 14.94 10.46 18 12.6 18
9 14 85.02 59.51 13 9.1 13
14 15 6.88 4.82 8 5.6 8
14 16 34.84 24.39 13 9.1 13
12 16 37.8 26.46 6 4.2 6
12 15 10.56 7.39 12 8.4 12
16 17 6.4 4.48 8 5.6 8
17 18 5.04 3.53 6 4.2 6
9 18 68.6 48.02 28 19.6 28
11 19 27.2 19.04 34 23.8 34
19 20 132.24 92.57 58 40.6 58
19 21 8.8 6.16 10 7 10
20 22 45.1 31.57 55 38.5 55
19 23 29.7 20.79 33 23.1 33
22 23 50.4 35.28 56 39.2 56
23 24 8.3 5.81 10 7 10
24 25 41.76 29.23 48 33.6 48
22 25 18.2 12.74 20 14 20
24 26 17.86 12.5 19 13.3 19
26 27 5.58 3.91 6 4.2 6
27 28 4.45 3.11 5 3.5 5
27 29 4.2 2.94 5 3.5 5
29 30 33.62 23.53 41 28.7 41
25 30 10.44 7.31 12 8.4 12
29 31 26.04 18.23 28 19.6 28
28 32 45.76 32.03 52 36.4 52
10 32 63.36 44.35 24 16.8 24
33 138 319.48 223.64 49 34.3 49
33 34 55.46 38.82 59 41.3 59
34 35 3.36 2.35 4 2.8 4
34 36 14.11 9.88 17 11.9 17
35 36 17.6 12.32 20 14 20
35 37 23.75 16.62 25 17.5 25
37 38 5.16 3.61 6 4.2 6
38 39 14.76 10.33 18 12.6 18
39 40 86.04 60.23 12 8.4 12
37 40 8.6 6.02 10 7 10
40 46 85.14 59.6 99 69.3 99
36 41 15.47 10.83 17 11.9 17
41 42 4.1 2.87 5 3.5 5
36 42 114.4 80.08 16 11.2 16
42 43 28.52 19.96 31 21.7 31
43 44 41.72 29.2 14 9.8 14
33 44 11.92 8.34 4 2.8 4
41 46 3.36 2.35 4 2.8 4
45 46 19.88 13.92 7 4.9 7
42 45 4.65 3.25 5 3.5 5
32 138 34.19 23.93 13 9.1 13
47 138 44.1 30.87 49 34.3 49
47 48 25.9 18.13 10 7 10
47 49 17.28 12.1 8 5.6 8
49 50 88.2 61.74 30 21 30
50 51 9.72 6.8 12 8.4 12
51 52 9.72 6.8 12 8.4 12
52 139 19.92 13.94 24 16.8 24
48 139 21.84 15.29 24 16.8 24
53 54 9.3 6.51 10 7 10
54 55 9.12 6.38 4 2.8 4
55 56 46.06 32.24 49 34.3 49
56 57 18.4 12.88 20 14 20
57 58 35.6 24.92 40 28 40
58 59 37.62 26.33 18 12.6 18
44 59 13.5 9.45 15 10.5 15
59 60 243.95 170.76 35 24.5 35
58 60 27.59 19.31 31 21.7 31
48 60 28.99 20.29 13 9.1 13
56 61 30.52 21.36 14 9.8 14
61 62 6.44 4.51 7 4.9 7
62 63 7.47 5.23 9 6.3 9
63 64 12 8.4 15 10.5 15
55 64 24 16.8 30 21 30
61 65 30.34 21.24 37 25.9 37
65 66 30.03 21.02 33 23.1 33
66 67 19.17 13.42 9 6.3 9
66 68 10.56 7.39 4 2.8 4
68 69 6.88 4.82 8 5.6 8
69 70 7.29 5.1 9 6.3 9
68 70 5.16 3.61 6 4.2 6
70 71 7.83 5.48 9 6.3 9
71 72 14.76 10.33 18 12.6 18
71 73 12.75 8.92 15 10.5 15
72 73 4.25 2.97 5 3.5 5
43 72 29.52 20.66 36 25.2 36
70 74 29.16 20.41 36 25.2 36
74 75 117.97 82.58 47 32.9 47
73 75 24.84 17.39 27 18.9 27
75 76 28.6 20.02 10 7 10
45 76 13.6 9.52 16 11.2 16
76 77 12.6 8.82 15 10.5 15
77 78 10.8 7.56 12 8.4 12
78 79 9.96 6.97 12 8.4 12
78 80 7.38 5.17 9 6.3 9
79 80 9 6.3 10 7 10
79 81 13.92 9.74 16 11.2 16
81 82 8 5.6 10 7 10
80 82 14.96 10.47 17 11.9 17
81 83 12.35 8.64 13 9.1 13
82 83 53.46 37.42 18 12.6 18
83 84 9.4 6.58 10 7 10
84 85 51.2 35.84 20 14 20
85 86 3.6 2.52 4 2.8 4
85 87 28.38 19.87 33 23.1 33
87 88 13.16 9.21 14 9.8 14
87 89 10.44 7.31 12 8.4 12
89 90 5.6 3.92 7 4.9 7
67 89 61.64 43.15 67 46.9 67
65 90 55.89 39.12 69 48.3 69
88 91 8.8 6.16 10 7 10
81 91 21.84 15.29 26 18.2 26
83 91 24.94 17.46 29 20.3 29
63 92 24.08 16.86 28 19.6 28
62 92 21 14.7 25 17.5 25
92 93 15.47 10.83 17 11.9 17
93 94 42.63 29.84 49 34.3 49
94 95 6.88 4.82 8 5.6 8
95 96 98.6 69.02 17 11.9 17
96 97 7.11 4.98 3 2.1 3
95 98 8.4 5.88 10 7 10
96 98 87.69 61.38 37 25.9 37
98 99 30.69 21.48 33 23.1 33
93 99 15.13 10.59 17 11.9 17
93 100 10.76 7.53 4 2.8 4
65 100 22.68 15.88 28 19.6 28
100 101 47.6 33.32 17 11.9 17
101 102 36.54 25.58 42 29.4 42
90 102 56.43 39.5 27 18.9 27
101 103 19.53 13.67 21 14.7 21
103 104 5.22 3.65 6 4.2 6
104 105 12.15 8.5 15 10.5 15
105 106 22.96 16.07 28 19.6 28
106 107 23.5 16.45 25 17.5 25
105 107 34.96 24.47 38 26.6 38
107 108 96.82 67.77 103 72.1 103
106 109 6.4 4.48 8 5.6 8
109 110 6.23 4.36 7 4.9 7
109 111 26.91 18.84 13 9.1 13
106 111 12.35 8.64 13 9.1 13
111 112 3.2 2.24 4 2.8 4
102 112 41.4 28.98 46 32.2 46
112 113 11.16 7.81 12 8.4 12
113 114 31.68 22.18 36 25.2 36
114 115 8.5 5.95 10 7 10
0 115 39.96 27.97 18 12.6 18
115 116 17.29 12.1 19 13.3 19
114 116 17.6 12.32 20 14 20
1 116 14.4 10.08 16 11.2 16
116 117 40.18 28.13 49 34.3 49
116 118 22.32 15.62 24 16.8 24
118 119 41.44 29.01 14 9.8 14
113 117 131.08 91.76 58 40.6 58
90 117 32.2 22.54 35 24.5 35
117 120 15.13 10.59 17 11.9 17
119 120 13.6 9.52 16 11.2 16
120 121 7.28 5.1 8 5.6 8
86 121 13.2 9.24 15 10.5 15
121 122 12.9 9.03 15 10.5 15
122 123 24.36 17.05 29 20.3 29
119 122 27.52 19.26 32 22.4 32
122 124 26.24 18.37 32 22.4 32
3 123 56.28 39.4 67 46.9 67
123 125 9.57 6.7 11 7.7 11
125 126 13.35 9.34 15 10.5 15
126 127 18.48 12.94 22 15.4 22
2 127 37.31 26.12 41 28.7 41
127 128 18.86 13.2 23 16.1 23
126 128 22.99 16.09 11 7.7 11
125 129 80.15 56.1 35 24.5 35
125 130 60.58 42.41 26 18.2 26
130 131 13.6 9.52 5 3.5 5
131 132 16.03 11.22 7 4.9 7
132 133 23 16.1 10 7 10
132 134 53.58 37.51 19 13.3 19
133 134 11.76 8.23 14 9.8 14
133 135 25.42 17.79 31 21.7 31
135 136 24.65 17.25 29 20.3 29
135 137 38.05 26.63 5 3.5 5
130 137 97.29 68.1 47 32.9 47
124 137 17.2 12.04 20 14 20
54 139 12.6 8.82 14 9.8 14
53 139 16.92 11.84 18 12.6 18
10 26 47 32.9 50 35 50
57 69 56.76 39.73 11 7.7 11
