4 5 59.54 41.68 26 18.2 26
5 6 46.2 32.34 21 14.7 21
5 7 8.6 6.02 10 7 10
7 8 34.41 24.09 37 25.9 37
8 9 9.84 6.89 12 8.4 12
7 10 45.12 31.58 48 33.6 48
10 11 23.5 16.45 25 17.5 25
11 12 9.6 6.72 12 8.4 12
12 13 16.74 11.72 18 12.6 18
9 14 26.39 18.47 13 9.1 13
14 15 6.88 4.82 8 5.6 8
14 16 11.96 8.37 13 9.1 13
12 16 5.4 3.78 6 4.2 6
12 15 10.68 7.48 12 8.4 12
16 17 7.52 5.26 8 5.6 8
17 18 5.22 3.65 6 4.2 6
9 18 185.92 130.14 28 19.6 28
11 19 30.94 21.66 34 23.8 34
19 20 51.62 36.13 58 40.6 58
19 21 8.5 5.95 10 7 10
20 22 355.3 248.71 55 38.5 55
19 23 31.02 21.71 33 23.1 33
22 23 49.28 34.5 56 39.2 56
23 24 9.2 6.44 10 7 10
24 25 39.84 27.89 48 33.6 48
22 25 16.8 11.76 20 14 20
24 26 16.72 11.7 19 13.3 19
26 27 4.98 3.49 6 4.2 6
27 28 12.65 8.86 5 3.5 5
27 29 4.65 3.25 5 3.5 5
29 30 321.44 225.01 41 28.7 41
25 30 31.68 22.18 12 8.4 12
29 31 22.68 15.88 28 19.6 28
28 32 46.8 32.76 52 36.4 52
10 32 20.64 14.45 24 16.8 24
33 138 271.46 190.02 49 34.3 49
33 34 48.38 33.87 59 41.3 59
34 35 10.24 7.17 4 2.8 4
34 36 14.79 10.35 17 11.9 17
35 36 58.2 40.74 20 14 20
35 37 23.5 16.45 25 17.5 25
37 38 5.4 3.78 6 4.2 6
38 39 15.3 10.71 18 12.6 18
39 40 10.32 7.22 12 8.4 12
37 40 29.9 20.93 10 7 10
40 46 583.11 408.18 99 69.3 99
36 41 15.47 10.83 17 11.9 17
41 42 4.45 3.11 5 3.5 5
36 42 13.92 9.74 16 11.2 16
42 43 28.83 20.18 31 21.7 31
43 44 11.9 8.33 14 9.8 14
33 44 3.72 2.6 4 2.8 4
41 46 11.44 8.01 4 2.8 4
45 46 15.68 10.98 7 4.9 7
42 45 12.7 8.89 5 3.5 5
32 138 10.79 7.55 13 9.1 13
47 138 321.44 225.01 49 34.3 49
47 48 8.2 5.74 10 7 10
47 49 6.72 4.7 8 5.6 8
49 50 82.8 57.96 30 21 30
50 51 10.56 7.39 12 8.4 12
51 52 9.72 6.8 12 8.4 12
52 139 63.84 44.69 24 16.8 24
48 139 22.32 15.62 24 16.8 24
53 54 8.4 5.88 10 7 10
54 55 11.36 7.95 4 2.8 4
55 56 43.12 30.18 49 34.3 49
56 57 18.4 12.88 20 14 20
57 58 97.2 68.04 40 28 40
58 59 15.12 10.58 18 12.6 18
44 59 13.35 9.34 15 10.5 15
59 60 29.75 20.82 35 24.5 35
58 60 26.97 18.88 31 21.7 31
48 60 38.35 26.84 13 9.1 13
56 61 13.16 9.21 14 9.8 14
61 62 6.44 4.51 7 4.9 7
62 63 7.38 5.17 9 6.3 9
63 64 12.3 8.61 15 10.5 15
55 64 24.6 17.22 30 21 30
61 65 32.19 22.53 37 25.9 37
65 66 28.71 20.1 33 23.1 33
66 67 7.74 5.42 9 6.3 9
66 68 3.8 2.66 4 2.8 4
68 69 6.8 4.76 8 5.6 8
69 70 7.92 5.54 9 6.3 9
68 70 5.28 3.7 6 4.2 6
70 71 7.92 5.54 9 6.3 9
71 72 103.68 72.58 18 12.6 18
71 73 12.9 9.03 15 10.5 15
72 73 4.7 3.29 5 3.5 5
43 72 234 163.8 36 25.2 36
70 74 29.88 20.92 36 25.2 36
74 75 137.24 96.07 47 32.9 47
73 75 76.14 53.3 27 18.9 27
75 76 8.2 5.74 10 7 10
45 76 33.12 23.18 16 11.2 16
76 77 13.35 9.34 15 10.5 15
77 78 11.28 7.9 12 8.4 12
78 79 10.32 7.22 12 8.4 12
78 80 8.19 5.73 9 6.3 9
79 80 59.3 41.51 10 7 10
79 81 13.92 9.74 16 11.2 16
81 82 8.7 6.09 10 7 10
80 82 13.77 9.64 17 11.9 17
81 83 10.4 7.28 13 9.1 13
82 83 47.16 33.01 18 12.6 18
83 84 51.2 35.84 10 7 10
84 85 18.6 13.02 20 14 20
85 86 3.6 2.52 4 2.8 4
85 87 29.37 20.56 33 23.1 33
87 88 11.76 8.23 14 9.8 14
87 89 11.4 7.98 12 8.4 12
89 90 6.37 4.46 7 4.9 7
67 89 58.96 41.27 67 46.9 67
65 90 62.79 43.95 69 48.3 69
88 91 8.5 5.95 10 7 10
81 91 22.1 15.47 26 18.2 26
83 91 27.26 19.08 29 20.3 29
63 92 23.24 16.27 28 19.6 28
62 92 50.75 35.52 25 17.5 25
92 93 14.28 10 17 11.9 17
93 94 125.93 88.15 49 34.3 49
94 95 7.2 5.04 8 5.6 8
95 96 15.3 10.71 17 11.9 17
96 97 2.76 1.93 3 2.1 3
95 98 9.1 6.37 10 7 10
96 98 34.41 24.09 37 25.9 37
98 99 27.06 18.94 33 23.1 33
93 99 44.88 31.42 17 11.9 17
93 100 10.84 7.59 4 2.8 4
65 100 23.8 16.66 28 19.6 28
100 101 15.47 10.83 17 11.9 17
101 102 36.96 25.87 42 29.4 42
90 102 22.68 15.88 27 18.9 27
101 103 18.48 12.94 21 14.7 21
103 104 5.16 3.61 6 4.2 6
104 105 13.35 9.34 15 10.5 15
105 106 79.52 55.66 28 19.6 28
106 107 62.5 43.75 25 17.5 25
105 107 96.9 67.83 38 26.6 38
107 108 88.58 62.01 103 72.1 103
106 109 7.2 5.04 8 5.6 8
109 110 5.74 4.02 7 4.9 7
109 111 99.97 69.98 13 9.1 13
106 111 33.54 23.48 13 9.1 13
111 112 8.44 5.91 4 2.8 4
102 112 92.92 65.04 46 32.2 46
112 113 10.56 7.39 12 8.4 12
113 114 33.48 23.44 36 25.2 36
114 115 8.2 5.74 10 7 10
0 115 16.38 11.47 18 12.6 18
115 116 16.72 11.7 19 13.3 19
114 116 18.2 12.74 20 14 20
1 116 110.4 77.28 16 11.2 16
116 117 46.06 32.24 49 34.3 49
116 118 20.88 14.62 24 16.8 24
118 119 28.28 19.8 14 9.8 14
113 117 47.56 33.29 58 40.6 58
90 117 28.7 20.09 35 24.5 35
117 120 15.81 11.07 17 11.9 17
119 120 13.92 9.74 16 11.2 16
120 121 7.28 5.1 8 5.6 8
86 121 32.1 22.47 15 10.5 15
121 122 13.05 9.13 15 10.5 15
122 123 26.97 18.88 29 20.3 29
119 122 28.16 19.71 32 22.4 32
122 124 27.84 19.49 32 22.4 32
3 123 55.61 38.93 67 46.9 67
123 125 9.9 6.93 11 7.7 11
125 126 13.35 9.34 15 10.5 15
126 127 17.82 12.47 22 15.4 22
2 127 36.49 25.54 41 28.7 41
127 128 20.7 14.49 23 16.1 23
126 128 25.08 17.56 11 7.7 11
125 129 32.2 22.54 35 24.5 35
125 130 164.58 115.21 26 18.2 26
130 131 4 2.8 5 3.5 5
131 132 17.85 12.5 7 4.9 7
132 133 8.5 5.95 10 7 10
132 134 17.67 12.37 19 13.3 19
133 134 11.2 7.84 14 9.8 14
133 135 65.41 45.79 31 21.7 31
135 136 24.36 17.05 29 20.3 29
135 137 4.55 3.18 5 3.5 5
130 137 40.89 28.62 47 32.9 47
124 137 48.8 34.16 20 14 20
54 139 11.76 8.23 14 9.8 14
53 139 16.92 11.84 18 12.6 18
10 26 44.5 31.15 50 35 50
57 69 9.24 6.47 11 7.7 11
