0 1 26.56 18.59 32 22.4 32
1 2 12.88 9.02 14 9.8 14
1 3 15.81 11.07 17 11.9 17
3 4 46.48 32.54 56 39.2 56
8 9 16.8 11.76 20 14 20
10 11 29.76 20.83 32 22.4 32
11 15 27.26 19.08 29 20.3 29
12 15 11.7 8.19 13 9.1 13
12 13 5.88 4.12 7 4.9 7
14 16 23.66 16.56 26 18.2 26
14 17 33.06 23.14 38 26.6 38
17 18 38.54 26.98 41 28.7 41
18 19 27.84 19.49 32 22.4 32
18 20 80.18 56.13 38 26.6 38
20 21 47.77 33.44 17 11.9 17
21 74 60.24 42.17 24 16.8 24
22 30 84.4 59.08 40 28 40
30 31 52.2 36.54 58 40.6 58
31 32 25.8 18.06 30 21 30
31 33 97.18 68.03 43 30.1 43
31 34 78.26 54.78 86 60.2 86
34 40 13.05 9.13 15 10.5 15
42 43 63.96 44.77 78 54.6 78
43 44 10.8 7.56 12 8.4 12
43 45 11.05 7.74 13 9.1 13
45 46 71.28 49.9 33 23.1 33
46 47 9.1 6.37 10 7 10
46 48 19.17 13.42 9 6.3 9
48 49 18.8 13.16 8 5.6 8
48 50 9.4 6.58 10 7 10
49 51 1.64 1.15 2 1.4 2
51 53 3.24 2.27 4 2.8 4
54 55 4.92 3.44 6 4.2 6
41 56 11.34 7.94 14 9.8 14
56 57 222.3 155.61 78 54.6 78
57 58 23.25 16.27 25 17.5 25
10 58 73.32 51.32 78 54.6 78
57 59 29.37 20.56 33 23.1 33
59 60 34.32 24.02 39 27.3 39
59 61 21.62 15.13 23 16.1 23
61 62 84.3 59.01 30 21 30
62 64 61.32 42.92 21 14.7 21
61 65 13.12 9.18 16 11.2 16
65 67 37.8 26.46 45 31.5 45
57 68 227.52 159.26 32 22.4 32
58 68 10.12 7.08 11 7.7 11
3 68 395.25 276.67 75 52.5 75
22 74 16.15 11.3 17 11.9 17
19 75 7.04 4.93 8 5.6 8
20 50 1.88 1.32 2 1.4 2
43 58 60.48 42.34 28 19.6 28
4 5 17.84 12.49 8 5.6 0
4 6 31.74 22.22 6 4.2 0
6 7 47.16 33.01 18 12.6 0
7 8 22.88 16.02 26 18.2 0
9 10 11.28 7.9 12 8.4 0
13 14 6.02 4.21 7 4.9 0
12 76 30.84 21.59 12 8.4 0
17 19 47.04 32.93 21 14.7 0
21 23 3.72 2.6 4 2.8 0
23 24 24.03 16.82 27 18.9 0
24 74 14.24 9.97 16 11.2 0
24 25 16.15 11.3 17 11.9 0
22 25 11.04 7.73 12 8.4 0
25 26 42.9 30.03 15 10.5 0
25 27 43.38 30.37 18 12.6 0
27 28 34.4 24.08 16 11.2 0
24 28 57.24 40.07 27 18.9 0
29 30 12.88 9.02 14 9.8 0
32 35 23.49 16.44 27 18.9 0
32 36 559.5 391.65 75 52.5 0
36 37 7.12 4.98 8 5.6 0
36 38 17.64 12.35 21 14.7 0
38 39 4.5 3.15 5 3.5 0
34 38 19.88 13.92 7 4.9 0
39 40 8.37 5.86 9 6.3 0
40 41 15.3 10.71 18 12.6 0
41 42 9.02 6.31 11 7.7 0
44 45 10.2 7.14 12 8.4 0
10 47 67.94 47.56 79 55.3 0
50 52 3.72 2.6 4 2.8 0
51 52 3.68 2.58 4 2.8 0
23 52 22.32 15.62 24 16.8 0
18 49 24.9 17.43 30 21 0
41 55 66.04 46.23 26 18.2 0
62 63 26.73 18.71 9 6.3 0
69 70 49.84 34.89 56 39.2 0
70 71 15.72 11 6 4.2 0
70 72 13 9.1 5 3.5 0
71 72 13.9 9.73 5 3.5 0
72 73 63.5 44.45 25 17.5 0
17 71 79.12 55.38 92 64.4 0
55 66 105.84 74.09 36 25.2 0
11 75 6.51 4.56 7 4.9 0
14 76 31.07 21.75 13 9.1 0
75 76 29.05 20.34 35 24.5 0
59 66 24.94 17.46 29 20.3 0
61 66 27.9 19.53 31 21.7 0
