0 1 26.88 18.82 32 22.4 32
1 2 13.16 9.21 14 9.8 14
1 3 15.47 10.83 17 11.9 17
3 4 45.92 32.14 56 39.2 56
8 9 18.6 13.02 20 14 20
10 11 28.8 20.16 32 22.4 32
11 15 24.94 17.46 29 20.3 29
12 15 11.05 7.74 13 9.1 13
12 13 6.3 4.41 7 4.9 7
14 16 21.58 15.11 26 18.2 26
14 17 101.84 71.29 38 26.6 38
17 18 33.62 23.53 41 28.7 41
18 19 26.56 18.59 32 22.4 32
18 20 30.78 21.55 38 26.6 38
20 21 15.98 11.19 17 11.9 17
21 74 19.92 13.94 24 16.8 24
22 30 36.4 25.48 40 28 40
30 31 53.36 37.35 58 40.6 58
31 32 27.9 19.53 30 21 30
31 33 39.13 27.39 43 30.1 43
31 34 76.54 53.58 86 60.2 86
34 40 13.95 9.76 15 10.5 15
42 43 70.98 49.69 78 54.6 78
43 44 11.04 7.73 12 8.4 12
43 45 10.66 7.46 13 9.1 13
45 46 29.37 20.56 33 23.1 33
46 47 8.6 6.02 10 7 10
46 48 8.19 5.73 9 6.3 9
48 49 6.88 4.82 8 5.6 8
48 50 9.1 6.37 10 7 10
49 51 1.72 1.2 2 1.4 2
51 53 3.36 2.35 4 2.8 4
54 55 5.22 3.65 6 4.2 6
41 56 12.04 8.43 14 9.8 14
56 57 64.74 45.32 78 54.6 78
57 58 22.5 15.75 25 17.5 25
10 58 70.98 49.69 78 54.6 78
57 59 29.7 20.79 33 23.1 33
59 60 34.32 24.02 39 27.3 39
59 61 19.09 13.36 23 16.1 23
61 62 80.7 56.49 30 21 30
62 64 19.32 13.52 21 14.7 21
61 65 44.32 31.02 16 11.2 16
65 67 99.9 69.93 45 31.5 45
57 68 28.8 20.16 32 22.4 32
58 68 9.46 6.62 11 7.7 11
3 68 63 44.1 75 52.5 75
22 74 15.3 10.71 17 11.9 17
19 75 6.64 4.65 8 5.6 8
20 50 5.96 4.17 2 1.4 2
43 58 25.2 17.64 28 19.6 28
4 5 6.72 4.7 8 5.6 0
4 6 4.92 3.44 6 4.2 0
6 7 42.48 29.74 18 12.6 0
7 8 22.62 15.83 26 18.2 0
9 10 29.04 20.33 12 8.4 0
13 14 6.16 4.31 7 4.9 0
12 76 9.96 6.97 12 8.4 0
17 19 19.11 13.38 21 14.7 0
21 23 3.68 2.58 4 2.8 0
23 24 22.95 16.06 27 18.9 0
24 74 13.28 9.3 16 11.2 0
24 25 131.24 91.87 17 11.9 0
22 25 10.8 7.56 12 8.4 0
25 26 12.3 8.61 15 10.5 0
25 27 16.38 11.47 18 12.6 0
27 28 43.84 30.69 16 11.2 0
24 28 23.76 16.63 27 18.9 0
29 30 30.52 21.36 14 9.8 0
32 35 24.3 17.01 27 18.9 0
32 36 62.25 43.57 75 52.5 0
36 37 7.04 4.93 8 5.6 0
36 38 17.43 12.2 21 14.7 0
38 39 4.05 2.83 5 3.5 0
34 38 6.44 4.51 7 4.9 0
39 40 8.1 5.67 9 6.3 0
40 41 14.4 10.08 18 12.6 0
41 42 9.57 6.7 11 7.7 0
44 45 11.16 7.81 12 8.4 0
10 47 71.1 49.77 79 55.3 0
50 52 3.6 2.52 4 2.8 0
51 52 3.8 2.66 4 2.8 0
23 52 21.84 15.29 24 16.8 0
18 49 27.9 19.53 30 21 0
41 55 69.42 48.59 26 18.2 0
62 63 7.2 5.04 9 6.3 0
69 70 47.6 33.32 56 39.2 0
70 71 5.1 3.57 6 4.2 0
70 72 4.25 2.97 5 3.5 0
71 72 4.15 2.91 5 3.5 0
72 73 23.75 16.62 25 17.5 0
17 71 85.56 59.89 92 64.4 0
55 66 31.32 21.92 36 25.2 0
11 75 19.39 13.57 7 4.9 0
14 76 10.66 7.46 13 9.1 0
75 76 28.7 20.09 35 24.5 0
59 66 23.49 16.44 29 20.3 0
61 66 66.65 46.66 31 21.7 0
