0 1 28.16 19.71 32 22.4 32
1 2 33.6 23.52 14 9.8 14
1 3 15.13 10.59 17 11.9 17
3 4 49.28 34.5 56 39.2 56
4 6 4.86 3.4 6 4.2 6
6 7 14.4 10.08 18 12.6 18
7 8 24.7 17.29 26 18.2 26
8 9 16.2 11.34 20 14 20
10 11 30.08 21.06 32 22.4 32
11 15 27.26 19.08 29 20.3 29
12 15 31.85 22.29 13 9.1 13
12 13 6.3 4.41 7 4.9 7
14 16 72.8 50.96 26 18.2 26
14 17 34.58 24.21 38 26.6 38
17 18 105.37 73.76 41 28.7 41
18 19 28.16 19.71 32 22.4 32
18 20 35.72 25 38 26.6 38
20 21 14.79 10.35 17 11.9 17
21 74 20.64 14.45 24 16.8 24
21 23 9.76 6.83 4 2.8 4
23 24 21.87 15.31 27 18.9 27
24 74 44.32 31.02 16 11.2 16
24 25 15.13 10.59 17 11.9 17
22 25 10.08 7.06 12 8.4 12
25 26 13.95 9.76 15 10.5 15
25 27 15.66 10.96 18 12.6 18
24 28 24.57 17.2 27 18.9 27
22 30 88.8 62.16 40 28 40
30 31 437.9 306.53 58 40.6 58
31 32 27.3 19.11 30 21 30
31 33 98.04 68.63 43 30.1 43
31 34 79.12 55.38 86 60.2 86
32 35 24.3 17.01 27 18.9 27
34 40 13.8 9.66 15 10.5 15
42 43 219.18 153.43 78 54.6 78
43 44 10.56 7.39 12 8.4 12
43 45 11.57 8.1 13 9.1 13
45 46 27.06 18.94 33 23.1 33
46 47 8.5 5.95 10 7 10
46 48 21.51 15.06 9 6.3 9
48 49 23.52 16.46 8 5.6 8
48 50 8.5 5.95 10 7 10
49 51 1.64 1.15 2 1.4 2
50 52 3.28 2.3 4 2.8 4
51 52 3.48 2.44 4 2.8 4
51 53 11.52 8.06 4 2.8 4
23 52 20.88 14.62 24 16.8 24
18 49 189 132.3 30 21 30
54 55 16.14 11.3 6 4.2 6
41 56 12.46 8.72 14 9.8 14
56 57 74.1 51.87 78 54.6 78
57 58 54.25 37.97 25 17.5 25
10 58 65.52 45.86 78 54.6 78
57 59 80.19 56.13 33 23.1 33
59 60 109.59 76.71 39 27.3 39
59 61 19.78 13.85 23 16.1 23
61 62 26.7 18.69 30 21 30
62 63 20.43 14.3 9 6.3 9
62 64 59.01 41.31 21 14.7 21
61 65 13.44 9.41 16 11.2 16
65 67 42.3 29.61 45 31.5 45
57 68 29.12 20.38 32 22.4 32
58 68 9.9 6.93 11 7.7 11
3 68 155.25 108.67 75 52.5 75
70 72 11.85 8.29 5 3.5 5
71 72 4.3 3.01 5 3.5 5
72 73 59.75 41.82 25 17.5 25
17 71 79.12 55.38 92 64.4 92
22 74 13.6 9.52 17 11.9 17
19 75 17.44 12.21 8 5.6 8
20 50 1.66 1.16 2 1.4 2
43 58 26.32 18.42 28 19.6 28
4 5 16.88 11.82 8 5.6 0
9 10 10.08 7.06 12 8.4 0
13 14 6.02 4.21 7 4.9 0
12 76 10.92 7.64 12 8.4 0
17 19 62.79 43.95 21 14.7 0
27 28 12.96 9.07 16 11.2 0
29 30 82.74 57.92 14 9.8 0
32 36 67.5 47.25 75 52.5 0
36 37 6.64 4.65 8 5.6 0
36 38 128.1 89.67 21 14.7 0
38 39 10.75 7.52 5 3.5 0
34 38 6.09 4.26 7 4.9 0
39 40 8.55 5.99 9 6.3 0
40 41 16.38 11.47 18 12.6 0
41 42 31.9 22.33 11 7.7 0
44 45 11.28 7.9 12 8.4 0
10 47 72.68 50.88 79 55.3 0
41 55 179.14 125.4 26 18.2 0
69 70 52.08 36.46 56 39.2 0
70 71 17.16 12.01 6 4.2 0
55 66 28.8 20.16 36 25.2 0
11 75 6.3 4.41 7 4.9 0
14 76 28.21 19.75 13 9.1 0
75 76 81.55 57.08 35 24.5 0
59 66 26.68 18.68 29 20.3 0
61 66 82.46 57.72 31 21.7 0
