0 1 62.08 43.46 32 22.4 32
1 2 11.76 8.23 14 9.8 14
1 3 15.47 10.83 17 11.9 17
3 4 48.16 33.71 56 39.2 56
4 5 7.12 4.98 8 5.6 8
4 6 5.16 3.61 6 4.2 6
6 7 15.66 10.96 18 12.6 18
7 8 22.36 15.65 26 18.2 26
8 9 16.4 11.48 20 14 20
10 11 111.36 77.95 32 22.4 32
11 15 23.49 16.44 29 20.3 29
12 15 11.57 8.1 13 9.1 13
12 13 6.51 4.56 7 4.9 7
12 76 10.08 7.06 12 8.4 12
14 16 62.4 43.68 26 18.2 26
14 17 77.14 54 38 26.6 38
17 18 79.54 55.68 41 28.7 41
18 19 75.2 52.64 32 22.4 32
17 19 18.06 12.64 21 14.7 21
18 20 32.3 22.61 38 26.6 38
20 21 15.3 10.71 17 11.9 17
21 74 55.92 39.14 24 16.8 24
21 23 8.52 5.96 4 2.8 4
23 24 21.6 15.12 27 18.9 27
24 74 14.88 10.42 16 11.2 16
24 25 14.11 9.88 17 11.9 17
22 25 10.92 7.64 12 8.4 12
25 26 12.45 8.71 15 10.5 15
25 27 16.2 11.34 18 12.6 18
27 28 15.2 10.64 16 11.2 16
24 28 25.65 17.95 27 18.9 27
29 30 21.56 15.09 14 9.8 14
22 30 34 23.8 40 28 40
30 31 50.46 35.32 58 40.6 58
31 32 73.8 51.66 30 21 30
31 33 38.7 27.09 43 30.1 43
31 34 68.8 48.16 86 60.2 86
32 35 22.95 16.06 27 18.9 27
32 36 62.25 43.57 75 52.5 75
36 37 7.6 5.32 8 5.6 8
36 38 17.01 11.91 21 14.7 21
38 39 4.35 3.04 5 3.5 5
34 38 6.51 4.56 7 4.9 7
34 40 29.85 20.89 15 10.5 15
42 43 67.86 47.5 78 54.6 78
43 44 11.04 7.73 12 8.4 12
44 45 25.56 17.89 12 8.4 12
43 45 11.18 7.83 13 9.1 13
45 46 81.84 57.29 33 23.1 33
46 47 9.4 6.58 10 7 10
46 48 20.88 14.62 9 6.3 9
48 49 14.16 9.91 8 5.6 8
48 50 9.1 6.37 10 7 10
49 51 4.24 2.97 2 1.4 2
50 52 3.44 2.41 4 2.8 4
51 52 3.32 2.32 4 2.8 4
51 53 3.72 2.6 4 2.8 4
23 52 36.48 25.54 24 16.8 24
18 49 25.2 17.64 30 21 30
54 55 5.22 3.65 6 4.2 6
41 56 12.88 9.02 14 9.8 14
56 57 67.86 47.5 78 54.6 78
57 58 22.25 15.57 25 17.5 25
10 58 73.32 51.32 78 54.6 78
57 59 27.39 19.17 33 23.1 33
59 60 81.51 57.06 39 27.3 39
59 61 55.2 38.64 23 16.1 23
61 62 26.1 18.27 30 21 30
62 63 8.28 5.8 9 6.3 9
62 64 18.27 12.79 21 14.7 21
61 65 30.4 21.28 16 11.2 16
65 67 42.3 29.61 45 31.5 45
57 68 28.16 19.71 32 22.4 32
58 68 9.35 6.54 11 7.7 11
3 68 71.25 49.88 75 52.5 75
69 70 52.08 36.46 56 39.2 56
70 71 9.96 6.97 6 4.2 6
70 72 4.7 3.29 5 3.5 5
71 72 4.55 3.18 5 3.5 5
72 73 59.5 41.65 25 17.5 25
17 71 86.48 60.54 92 64.4 92
22 74 14.28 10 17 11.9 17
19 75 14.72 10.3 8 5.6 8
14 76 10.92 7.64 13 9.1 13
75 76 31.85 22.29 35 24.5 35
20 50 3.56 2.49 2 1.4 2
43 58 22.4 15.68 28 19.6 28
9 10 10.44 7.31 12 8.4 0
13 14 5.81 4.07 7 4.9 0
39 40 7.2 5.04 9 6.3 0
40 41 14.58 10.21 18 12.6 0
41 42 9.02 6.31 11 7.7 0
10 47 71.89 50.32 79 55.3 0
41 55 21.32 14.92 26 18.2 0
55 66 72.36 50.65 36 25.2 0
11 75 6.3 4.41 7 4.9 0
59 66 24.94 17.46 29 20.3 0
61 66 25.42 17.79 31 21.7 0
