0 1 29.76 20.83 32 22.4 32
1 2 13.16 9.21 14 9.8 14
1 3 38.42 26.89 17 11.9 17
3 4 45.36 31.75 56 39.2 56
4 5 6.8 4.76 8 5.6 8
4 6 5.7 3.99 6 4.2 6
6 7 34.02 23.81 18 12.6 18
7 8 22.1 15.47 26 18.2 26
8 9 96.8 67.76 20 14 20
10 11 78.08 54.66 32 22.4 32
11 15 143.84 100.69 29 20.3 29
12 15 10.53 7.37 13 9.1 13
12 13 5.67 3.97 7 4.9 7
12 76 10.68 7.48 12 8.4 12
14 16 90.48 63.34 26 18.2 26
14 17 132.24 92.57 38 26.6 38
17 18 85.69 59.98 41 28.7 41
18 19 28.48 19.94 32 22.4 32
17 19 17.01 11.91 21 14.7 21
18 20 31.92 22.34 38 26.6 38
20 21 13.77 9.64 17 11.9 17
21 74 21.6 15.12 24 16.8 24
21 23 3.32 2.32 4 2.8 4
23 24 21.6 15.12 27 18.9 27
24 74 14.4 10.08 16 11.2 16
24 25 15.3 10.71 17 11.9 17
22 25 28.68 20.08 12 8.4 12
25 26 13.95 9.76 15 10.5 15
25 27 16.56 11.59 18 12.6 18
27 28 32.48 22.74 16 11.2 16
24 28 24.57 17.2 27 18.9 27
29 30 24.78 17.35 14 9.8 14
22 30 35.6 24.92 40 28 40
30 31 53.36 37.35 58 40.6 58
31 32 26.1 18.27 30 21 30
31 33 39.13 27.39 43 30.1 43
31 34 183.18 128.23 86 60.2 86
32 35 22.14 15.5 27 18.9 27
32 36 186.75 130.72 75 52.5 75
36 37 24.4 17.08 8 5.6 8
36 38 17.64 12.35 21 14.7 21
38 39 4.1 2.87 5 3.5 5
34 38 6.02 4.21 7 4.9 7
34 40 28.35 19.84 15 10.5 15
42 43 120.12 84.08 78 54.6 78
43 44 10.68 7.48 12 8.4 12
44 45 11.16 7.81 12 8.4 12
43 45 28.34 19.84 13 9.1 13
45 46 28.38 19.87 33 23.1 33
46 47 8.4 5.88 10 7 10
46 48 8.1 5.67 9 6.3 9
48 49 26.72 18.7 8 5.6 8
48 50 8.7 6.09 10 7 10
49 51 4.54 3.18 2 1.4 2
50 52 7.76 5.43 4 2.8 4
51 52 8.28 5.8 4 2.8 4
51 53 9.44 6.61 4 2.8 4
23 52 20.4 14.28 24 16.8 24
18 49 27.6 19.32 30 21 30
54 55 5.58 3.91 6 4.2 6
41 56 30.38 21.27 14 9.8 14
56 57 192.66 134.86 78 54.6 78
57 58 122.25 85.57 25 17.5 25
10 58 65.52 45.86 78 54.6 78
57 59 57.42 40.19 33 23.1 33
59 60 36.27 25.39 39 27.3 39
59 61 21.39 14.97 23 16.1 23
61 62 52.8 36.96 30 21 30
62 63 8.01 5.61 9 6.3 9
62 64 18.69 13.08 21 14.7 21
61 65 25.76 18.03 16 11.2 16
65 67 76.95 53.87 45 31.5 45
57 68 26.56 18.59 32 22.4 32
58 68 9.02 6.31 11 7.7 11
3 68 136.5 95.55 75 52.5 75
69 70 52.64 36.85 56 39.2 56
70 71 5.34 3.74 6 4.2 6
70 72 4.15 2.91 5 3.5 5
71 72 4.2 2.94 5 3.5 5
72 73 22.75 15.92 25 17.5 25
17 71 76.36 53.45 92 64.4 92
22 74 13.77 9.64 17 11.9 17
19 75 7.04 4.93 8 5.6 8
14 76 11.18 7.83 13 9.1 13
75 76 29.05 20.34 35 24.5 35
20 50 3.92 2.74 2 1.4 2
43 58 60.2 42.14 28 19.6 28
9 10 10.2 7.14 12 8.4 0
13 14 6.09 4.26 7 4.9 0
39 40 34.2 23.94 9 6.3 0
40 41 35.82 25.07 18 12.6 0
41 42 10.01 7.01 11 7.7 0
10 47 66.36 46.45 79 55.3 0
41 55 24.44 17.11 26 18.2 0
55 66 34.2 23.94 36 25.2 0
11 75 13.51 9.46 7 4.9 0
59 66 60.32 42.22 29 20.3 0
61 66 49.6 34.72 31 21.7 0
