0 1 77.76 54.43 32 22.4 32
1 2 12.88 9.02 14 9.8 14
1 3 13.94 9.76 17 11.9 17
3 4 48.72 34.1 56 39.2 56
4 6 4.86 3.4 6 4.2 6
6 7 15.3 10.71 18 12.6 18
7 8 21.84 15.29 26 18.2 26
8 9 17.4 12.18 20 14 20
10 11 30.08 21.06 32 22.4 32
11 15 60.32 42.22 29 20.3 29
12 15 11.57 8.1 13 9.1 13
12 13 5.6 3.92 7 4.9 7
14 16 24.18 16.93 26 18.2 26
14 17 34.2 23.94 38 26.6 38
17 18 67.24 47.07 41 28.7 41
18 19 28.16 19.71 32 22.4 32
18 20 32.68 22.88 38 26.6 38
20 21 16.15 11.3 17 11.9 17
21 74 22.32 15.62 24 16.8 24
21 23 3.24 2.27 4 2.8 4
23 24 22.95 16.06 27 18.9 27
24 74 40 28 16 11.2 16
24 25 15.64 10.95 17 11.9 17
22 25 11.16 7.81 12 8.4 12
25 26 13.05 9.13 15 10.5 15
25 27 15.48 10.84 18 12.6 18
24 28 22.68 15.88 27 18.9 27
22 30 34.4 24.08 40 28 40
30 31 228.52 159.96 58 40.6 58
31 32 25.5 17.85 30 21 30
31 33 38.7 27.09 43 30.1 43
31 34 143.62 100.53 86 60.2 86
32 35 22.14 15.5 27 18.9 27
34 40 13.2 9.24 15 10.5 15
42 43 341.64 239.15 78 54.6 78
43 44 10.92 7.64 12 8.4 12
43 45 47.84 33.49 13 9.1 13
45 46 27.39 19.17 33 23.1 33
46 47 8.7 6.09 10 7 10
46 48 7.56 5.29 9 6.3 9
48 49 6.56 4.59 8 5.6 8
48 50 8.8 6.16 10 7 10
49 51 1.66 1.16 2 1.4 2
50 52 3.52 2.46 4 2.8 4
51 52 18.56 12.99 4 2.8 4
51 53 3.36 2.35 4 2.8 4
23 52 19.44 13.61 24 16.8 24
18 49 27.3 19.11 30 21 30
54 55 11.94 8.36 6 4.2 6
41 56 30.66 21.46 14 9.8 14
56 57 70.2 49.14 78 54.6 78
57 58 20 14 25 17.5 25
10 58 63.18 44.23 78 54.6 78
57 59 29.37 20.56 33 23.1 33
59 60 35.1 24.57 39 27.3 39
59 61 18.63 13.04 23 16.1 23
61 62 24 16.8 30 21 30
62 63 8.19 5.73 9 6.3 9
62 64 18.48 12.94 21 14.7 21
61 65 15.04 10.53 16 11.2 16
65 67 39.15 27.4 45 31.5 45
57 68 27.52 19.26 32 22.4 32
58 68 9.9 6.93 11 7.7 11
3 68 62.25 43.57 75 52.5 75
70 72 9.25 6.47 5 3.5 5
71 72 4.45 3.11 5 3.5 5
72 73 21.5 15.05 25 17.5 25
17 71 83.72 58.6 92 64.4 92
22 74 15.3 10.71 17 11.9 17
19 75 7.2 5.04 8 5.6 8
20 50 1.66 1.16 2 1.4 2
43 58 44.52 31.16 28 19.6 28
4 5 6.96 4.87 8 5.6 0
9 10 10.08 7.06 12 8.4 0
13 14 6.51 4.56 7 4.9 0
12 76 10.32 7.22 12 8.4 0
17 19 17.43 12.2 21 14.7 0
27 28 70.88 49.62 16 11.2 0
29 30 22.54 15.78 14 9.8 0
32 36 66.75 46.72 75 52.5 0
36 37 6.56 4.59 8 5.6 0
36 38 18.69 13.08 21 14.7 0
38 39 4.5 3.15 5 3.5 0
34 38 5.88 4.12 7 4.9 0
39 40 15.93 11.15 9 6.3 0
40 41 15.66 10.96 18 12.6 0
41 42 23.54 16.48 11 7.7 0
44 45 11.16 7.81 12 8.4 0
10 47 74.26 51.98 79 55.3 0
41 55 57.72 40.4 26 18.2 0
69 70 46.48 32.54 56 39.2 0
70 71 5.64 3.95 6 4.2 0
55 66 161.28 112.9 36 25.2 0
11 75 5.81 4.07 7 4.9 0
14 76 11.7 8.19 13 9.1 0
75 76 81.55 57.08 35 24.5 0
59 66 24.36 17.05 29 20.3 0
61 66 25.73 18.01 31 21.7 0
