0 1 29.76 20.83 32 22.4 32
1 2 11.76 8.23 14 9.8 14
1 3 13.94 9.76 17 11.9 17
3 4 47.6 33.32 56 39.2 56
4 5 7.2 5.04 8 5.6 8
4 6 26.04 18.23 6 4.2 6
6 7 16.02 11.21 18 12.6 18
7 8 23.14 16.2 26 18.2 26
8 9 18.8 13.16 20 14 20
10 11 26.56 18.59 32 22.4 32
11 15 24.36 17.05 29 20.3 29
12 15 10.53 7.37 13 9.1 13
12 13 6.58 4.61 7 4.9 7
12 76 9.72 6.8 12 8.4 12
14 16 20.8 14.56 26 18.2 26
14 17 34.2 23.94 38 26.6 38
17 18 35.67 24.97 41 28.7 41
18 19 29.76 20.83 32 22.4 32
17 19 38.43 26.9 21 14.7 21
18 20 31.54 22.08 38 26.6 38
20 21 15.13 10.59 17 11.9 17
21 74 19.44 13.61 24 16.8 24
21 23 16.96 11.87 4 2.8 4
23 24 23.49 16.44 27 18.9 27
24 74 14.72 10.3 16 11.2 16
24 25 13.77 9.64 17 11.9 17
22 25 9.96 6.97 12 8.4 12
25 26 12.75 8.92 15 10.5 15
25 27 71.82 50.27 18 12.6 18
27 28 53.92 37.74 16 11.2 16
24 28 22.41 15.69 27 18.9 27
29 30 11.48 8.04 14 9.8 14
22 30 34.8 24.36 40 28 40
30 31 50.46 35.32 58 40.6 58
31 32 27.9 19.53 30 21 30
31 33 35.26 24.68 43 30.1 43
31 34 74.82 52.37 86 60.2 86
32 35 25.38 17.77 27 18.9 27
32 36 62.25 43.57 75 52.5 75
36 37 6.72 4.7 8 5.6 8
36 38 39.48 27.64 21 14.7 21
38 39 24 16.8 5 3.5 5
34 38 5.74 4.02 7 4.9 7
34 40 13.35 9.34 15 10.5 15
42 43 66.3 46.41 78 54.6 78
43 44 10.08 7.06 12 8.4 12
44 45 10.56 7.39 12 8.4 12
43 45 11.96 8.37 13 9.1 13
45 46 31.02 21.71 33 23.1 33
46 47 8.7 6.09 10 7 10
46 48 8.37 5.86 9 6.3 9
48 49 6.88 4.82 8 5.6 8
48 50 8.2 5.74 10 7 10
49 51 1.64 1.15 2 1.4 2
50 52 3.6 2.52 4 2.8 4
51 52 3.64 2.55 4 2.8 4
51 53 12.4 8.68 4 2.8 4
23 52 21.12 14.78 24 16.8 24
18 49 24.9 17.43 30 21 30
54 55 5.34 3.74 6 4.2 6
41 56 13.02 9.11 14 9.8 14
56 57 71.76 50.23 78 54.6 78
57 58 21.75 15.22 25 17.5 25
10 58 72.54 50.78 78 54.6 78
57 59 27.72 19.4 33 23.1 33
59 60 134.94 94.46 39 27.3 39
59 61 18.86 13.2 23 16.1 23
61 62 27.3 19.11 30 21 30
62 63 14.67 10.27 9 6.3 9
62 64 19.11 13.38 21 14.7 21
61 65 14.08 9.86 16 11.2 16
65 67 73.35 51.34 45 31.5 45
57 68 29.76 20.83 32 22.4 32
58 68 10.23 7.16 11 7.7 11
3 68 63.75 44.62 75 52.5 75
69 70 45.36 31.75 56 39.2 56
70 71 5.28 3.7 6 4.2 6
70 72 4.1 2.87 5 3.5 5
71 72 4.45 3.11 5 3.5 5
72 73 22.25 15.57 25 17.5 25
17 71 81.88 57.32 92 64.4 92
22 74 15.81 11.07 17 11.9 17
19 75 7.36 5.15 8 5.6 8
14 76 11.57 8.1 13 9.1 13
75 76 32.9 23.03 35 24.5 35
20 50 1.66 1.16 2 1.4 2
43 58 26.32 18.42 28 19.6 28
9 10 10.2 7.14 12 8.4 0
13 14 6.37 4.46 7 4.9 0
39 40 7.83 5.48 9 6.3 0
40 41 15.48 10.84 18 12.6 0
41 42 9.02 6.31 11 7.7 0
10 47 69.52 48.66 79 55.3 0
41 55 23.66 16.56 26 18.2 0
55 66 29.88 20.92 36 25.2 0
11 75 6.44 4.51 7 4.9 0
59 66 26.97 18.88 29 20.3 0
61 66 26.97 18.88 31 21.7 0
